name,longitude,latitude,phone,address,district,city,area,zipcodetype,datatype,date,creator,source,index
当麦基,102.76590999999999,24.97854,,,,,,,,,,,3,8690
沙县小吃,102.76576999999999,24.97876,,,,,,,,,,,3,11000
大维饮品,102.76585,24.97865,,,,,,,,,,,3,13240
时客来,102.76561,24.97893,,,,,,,,,,,3,14349
三和美食云南NO．221,102.76561,24.97877,,,,,,,,,,,3,21150
当麦基,102.76590999999999,24.97834,,,,,,,,,,,3,21457
沙县小吃,102.76576999999999,24.97856,,,,,,,,,,,3,23767
大维饮品,102.76585,24.97845,,,,,,,,,,,3,26007
时客来,102.76561,24.97873,,,,,,,,,,,3,27116
哈鲜族鲜果吧,102.76434,24.978379999999998,,,,,,,,,,,3,6795
时客来,102.76295999999999,24.977899999999998,,,,,,,,,,,3,6262
飞阳铁板烧金源购物广场店,102.76295999999999,24.977899999999998,,,,,,,,,,,3,6283
肯德基世纪金源餐厅,102.76351,24.97768,,,,,,,,,,,3,6300
广东海鲜坊,102.76295999999999,24.977899999999998,,,,,,,,,,,3,7382
北京老铺子烤鸭,102.76295999999999,24.977899999999998,,,,,,,,,,,3,7980
伊园,102.76295999999999,24.977899999999998,,,,,,,,,,,3,8228
鹏客莱中西自助餐厅,102.76295999999999,24.977899999999998,,,,,,,,,,,3,8229
饺子王,102.76295999999999,24.977899999999998,,,,,,,,,,,3,8230
天禧楼,102.76295999999999,24.977899999999998,,,,,,,,,,,3,8497
顶牛面馆,102.76295999999999,24.977899999999998,,,,,,,,,,,3,8817
星巴克咖啡世纪金源分店,102.76393,24.97798,,,,,,,,,,,3,9237
花溪清汤鹅,102.76295999999999,24.977899999999998,,,,,,,,,,,3,9305
老乡村湖湘农家大碗菜,102.76295999999999,24.977899999999998,,,,,,,,,,,3,9790
火山石沸腾鱼,102.76295999999999,24.977899999999998,,,,,,,,,,,3,10108
重庆秦妈火锅,102.76295999999999,24.977899999999998,,,,,,,,,,,3,11123
金太阳香辣蟹世纪金源旗舰店,102.76295999999999,24.977899999999998,,,,,,,,,,,3,11195
川味道金源店,102.76295999999999,24.977899999999998,,,,,,,,,,,3,11268
豪格斯,102.76295999999999,24.977899999999998,,,,,,,,,,,3,12441
甜美汇,102.76295999999999,24.977899999999998,,,,,,,,,,,3,12705
旺和骨头王火锅店,102.76295999999999,24.977899999999998,,,,,,,,,,,3,12760
辣得爽,102.76295999999999,24.977899999999998,,,,,,,,,,,3,12860
醉美江西赣粤美食汇,102.76295999999999,24.977899999999998,,,,,,,,,,,3,12877
香天下传承火锅昆明店,102.76295999999999,24.977899999999998,,,,,,,,,,,3,12923
澳门豆捞,102.76295999999999,24.977899999999998,,,,,,,,,,,3,13455
金手指纯清油火锅,102.76295999999999,24.977899999999998,,,,,,,,,,,3,13992
李朝园自助餐关上店,102.76295999999999,24.977899999999998,,,,,,,,,,,3,13993
宣威老火腿馆世纪金源店,102.76295999999999,24.977899999999998,,,,,,,,,,,3,13994
老滇香,102.76295999999999,24.977899999999998,,,,,,,,,,,3,13995
紫晶阁清真红鳟鱼主题餐厅,102.76295999999999,24.977899999999998,,,,,,,,,,,3,13996
考丽亚烤羊腿,102.76295999999999,24.977899999999998,,,,,,,,,,,3,14099
艾雅健康涮台湾小火锅,102.76295999999999,24.977899999999998,,,,,,,,,,,3,14665
雅典娜国际美容美体机构,102.76295999999999,24.977899999999998,,,,,,,,,,,3,16594
天泉国际SPA会所,102.76249,24.9776,,,,,,,,,,,3,17118
时客来,102.76295999999999,24.9777,,,,,,,,,,,3,19029
飞阳铁板烧金源购物广场店,102.76295999999999,24.9777,,,,,,,,,,,3,19050
肯德基世纪金源餐厅,102.76351,24.97748,,,,,,,,,,,3,19067
广东海鲜坊,102.76295999999999,24.9777,,,,,,,,,,,3,20149
北京老铺子烤鸭,102.76295999999999,24.9777,,,,,,,,,,,3,20747
伊园,102.76295999999999,24.9777,,,,,,,,,,,3,20995
鹏客莱中西自助餐厅,102.76295999999999,24.9777,,,,,,,,,,,3,20996
饺子王,102.76295999999999,24.9777,,,,,,,,,,,3,20997
天禧楼,102.76295999999999,24.9777,,,,,,,,,,,3,21264
顶牛面馆,102.76295999999999,24.9777,,,,,,,,,,,3,21584
星巴克咖啡世纪金源分店,102.76393,24.97778,,,,,,,,,,,3,22004
花溪清汤鹅,102.76295999999999,24.9777,,,,,,,,,,,3,22072
老坝港海鲜自助火锅,102.76256,24.979029999999998,,,,,,,,,,,3,6260
世纪城沁春苑,102.7618825,24.97833764,,,,,,,,,,,2,344
忆春苑(西北门),102.762354,24.97821,,,,,,,,,,,1,1345
久香楼,102.761551,24.977969,,,,,,,,,,,1,3349
金源食尚美食城,102.76228,24.9776,,,,,,,,,,,3,9991
世纪海韵酒楼,102.76193,24.97905,,,,,,,,,,,3,13686
发裁轩专业美发旗舰店,102.76205,24.97906,,,,,,,,,,,3,17026
老坝港海鲜自助火锅,102.76256,24.97883,,,,,,,,,,,3,19027
世纪海韵酒楼,102.76193,24.97885,,,,,,,,,,,3,26453
发裁轩专业美发旗舰店,102.76205,24.97886,,,,,,,,,,,3,29793
创美发型沙龙,102.7622,24.97886,,,,,,,,,,,3,31086
世纪城沁春苑,102.7618825,24.97853764,,,,,,,,,,,2,47543
忆春苑(西北门),102.762354,24.97841,,,,,,,,,,,1,48544
秦味源陕西民俗文化餐厅,102.7631,24.9789,,,,,,,,,,,3,9665
艺匠坊形象设计中心,102.76333000000001,24.97881,,,,,,,,,,,3,16785
秦味源陕西民俗文化餐厅,102.7631,24.9787,,,,,,,,,,,3,22432
艺匠坊形象设计中心,102.76333000000001,24.97861,,,,,,,,,,,3,29552
宝象源宾馆,102.76175,24.979329999999997,,,,,,,,,,,3,39605
盛世阳光宾馆,102.762,24.97976,,,,,,,,,,,3,39723
老乡村湖湘农家大碗菜,102.76295999999999,24.9777,,,,,,,,,,,3,22557
金源食尚美食城,102.76228,24.9774,,,,,,,,,,,3,22758
火山石沸腾鱼,102.76295999999999,24.9777,,,,,,,,,,,3,22875
重庆秦妈火锅,102.76295999999999,24.9777,,,,,,,,,,,3,23890
金太阳香辣蟹世纪金源旗舰店,102.76295999999999,24.9777,,,,,,,,,,,3,23962
川味道金源店,102.76295999999999,24.9777,,,,,,,,,,,3,24035
豪格斯,102.76295999999999,24.9777,,,,,,,,,,,3,25208
甜美汇,102.76295999999999,24.9777,,,,,,,,,,,3,25472
旺和骨头王火锅店,102.76295999999999,24.9777,,,,,,,,,,,3,25527
辣得爽,102.76295999999999,24.9777,,,,,,,,,,,3,25627
醉美江西赣粤美食汇,102.76295999999999,24.9777,,,,,,,,,,,3,25644
香天下传承火锅昆明店,102.76295999999999,24.9777,,,,,,,,,,,3,25690
澳门豆捞,102.76295999999999,24.9777,,,,,,,,,,,3,26222
金手指纯清油火锅,102.76295999999999,24.9777,,,,,,,,,,,3,26759
李朝园自助餐关上店,102.76295999999999,24.9777,,,,,,,,,,,3,26760
宣威老火腿馆世纪金源店,102.76295999999999,24.9777,,,,,,,,,,,3,26761
老滇香,102.76295999999999,24.9777,,,,,,,,,,,3,26762
紫晶阁清真红鳟鱼主题餐厅,102.76295999999999,24.9777,,,,,,,,,,,3,26763
考丽亚烤羊腿,102.76295999999999,24.9777,,,,,,,,,,,3,26866
艾雅健康涮台湾小火锅,102.76295999999999,24.9777,,,,,,,,,,,3,27432
雅典娜国际美容美体机构,102.76295999999999,24.9777,,,,,,,,,,,3,29361
天泉国际SPA会所,102.76249,24.9774,,,,,,,,,,,3,29885
君临时代,102.76295999999999,24.9777,,,,,,,,,,,3,30840
魔指天境港派足浴另类指压昆明世纪城店,102.76295999999999,24.9777,,,,,,,,,,,3,31449
名之成美发·爱美发时尚店,102.76295999999999,24.9777,,,,,,,,,,,3,31584
魅力四射公众电脑屋,102.76295999999999,24.9777,,,,,,,,,,,3,32481
阳光世纪文化艺术学校,102.763373,24.977420000000002,,,,,,,,,,,3,42953
励步国际儿童教育,102.763739,24.977647,,,,,,,,,,,3,44089
中国邮政储蓄银行ATM,102.76295999999999,24.9777,,,,,,,,,,,3,46133
金源时尚美食天地,102.76434,24.978379999999998,,,,,,,,,,,3,11345
欧莱雅专业沙龙美发,102.76434,24.978379999999998,,,,,,,,,,,3,16110
徐氏推拿,102.76434,24.978379999999998,,,,,,,,,,,3,16186
美莲凯美容会所,102.76434,24.978379999999998,,,,,,,,,,,3,16247
依莲健康美容养生连锁机构,102.76434,24.978379999999998,,,,,,,,,,,3,16405
白丽人四季美容保健连锁机构,102.76434,24.978379999999998,,,,,,,,,,,3,16406
靓堂堂形象店,102.76434,24.978379999999998,,,,,,,,,,,3,16593
亿莎莉SPA养生会所,102.76434,24.978379999999998,,,,,,,,,,,3,16662
窈窕淑女美丽ｅ区,102.76434,24.978379999999998,,,,,,,,,,,3,16760
金圣铭都之夜演艺广场,102.76434,24.978379999999998,,,,,,,,,,,3,17117
TOP　ONE顶尖量贩式KTV,102.76434,24.978379999999998,,,,,,,,,,,3,17177
哈鲜族鲜果吧,102.76434,24.97818,,,,,,,,,,,3,19562
正宗闽台风味小吃,102.76504,24.979689999999998,,,,,,,,,,,3,6678
欣宜家居,102.764393,24.980420000000002,,,,,,,,,,,1,1595
元春苑公交站,102.763791,24.979699,,,,,,,,,,,1,1251
幸福的舌尖-润生活 Run Desserts,102.76450200000001,24.98019,,,,,,,,,,,1,1488
美吧,102.76368000000001,24.979861,,,,,,,,,,,1,2533
建水兄弟鸡脚王烧烤,102.764041,24.979554999999998,,,,,,,,,,,1,3544
帕帕珍味,102.76475,24.97952,,,,,,,,,,,3,5900
正宗宣威农家菜馆,102.76399,24.97975,,,,,,,,,,,3,6624
刘一汤云州米线,102.76439,24.97938,,,,,,,,,,,3,13838
正宗宣威农家菜馆,102.76399,24.97955,,,,,,,,,,,3,19391
刘一汤云州米线,102.76439,24.97918,,,,,,,,,,,3,26605
盛瑞足疗,102.76474,24.979670000000002,,,,,,,,,,,3,30725
新丽华酒店,102.76474,24.979670000000002,,,,,,,,,,,3,39038
英伦酒店,102.76474,24.979670000000002,,,,,,,,,,,3,39586
高山流水商务酒店,102.76474,24.979670000000002,,,,,,,,,,,3,40108
航悦酒店公寓,102.76474,24.979670000000002,,,,,,,,,,,3,40501
元春苑公交站,102.763791,24.979899,,,,,,,,,,,1,48450
茗春苑(东南门),102.765066,24.98081,,,,,,,,,,,1,2465
老滇缅320傣味餐吧(品牌店),102.765126,24.980889,,,,,,,,,,,1,2718
兰州拉面,102.76483,24.97983,,,,,,,,,,,3,5333
兰州拉面,102.76483,24.97963,,,,,,,,,,,3,18100
幸福的舌尖-润生活 Run Desserts,102.76450200000001,24.98039,,,,,,,,,,,1,48687
欣宜家居,102.764393,24.980620000000002,,,,,,,,,,,1,48794
三和美食云南NO．221,102.76561,24.97897,,,,,,,,,,,3,8383
亿米香中式餐厅世纪城店,102.76508000000001,24.979139999999997,,,,,,,,,,,3,10042
帕帕珍味,102.76475,24.97932,,,,,,,,,,,3,18667
正宗闽台风味小吃,102.76504,24.97949,,,,,,,,,,,3,19445
亿米香中式餐厅世纪城店,102.76508000000001,24.978939999999998,,,,,,,,,,,3,22809
金源时尚美食天地,102.76434,24.97818,,,,,,,,,,,3,24112
欧莱雅专业沙龙美发,102.76434,24.97818,,,,,,,,,,,3,28877
徐氏推拿,102.76434,24.97818,,,,,,,,,,,3,28953
美莲凯美容会所,102.76434,24.97818,,,,,,,,,,,3,29014
依莲健康美容养生连锁机构,102.76434,24.97818,,,,,,,,,,,3,29172
白丽人四季美容保健连锁机构,102.76434,24.97818,,,,,,,,,,,3,29173
靓堂堂形象店,102.76434,24.97818,,,,,,,,,,,3,29360
亿莎莉SPA养生会所,102.76434,24.97818,,,,,,,,,,,3,29429
窈窕淑女美丽ｅ区,102.76434,24.97818,,,,,,,,,,,3,29527
金圣铭都之夜演艺广场,102.76434,24.97818,,,,,,,,,,,3,29884
TOP　ONE顶尖量贩式KTV,102.76434,24.97818,,,,,,,,,,,3,29944
碧美佳美容美体机构,102.76434,24.97818,,,,,,,,,,,3,31639
路易·芬尼国际名媛SPA连锁会馆,102.76434,24.97818,,,,,,,,,,,3,31752
大西洋淘气城,102.76434,24.97818,,,,,,,,,,,3,32077
源汇羽毛球馆,102.76517,24.97874,,,,,,,,,,,3,32115
骄阳兰多产后调理恢复中心,102.76434,24.97818,,,,,,,,,,,3,32127
百连凯国际美容SPA养生会馆,102.76434,24.97818,,,,,,,,,,,3,32209
乐巢KTV量贩,102.76434,24.97818,,,,,,,,,,,3,32701
伊姿秀美容美体养生会所,102.76434,24.97818,,,,,,,,,,,3,33428
青忆酒吧,102.76434,24.97818,,,,,,,,,,,3,34158
东升台球俱乐部,102.76517,24.97874,,,,,,,,,,,3,34179
昆明世纪搏乐击剑俱乐部,102.76517,24.97874,,,,,,,,,,,3,34343
莱米国际美发美甲,102.76434,24.97818,,,,,,,,,,,3,34411
肥猫减肥,102.76434,24.97818,,,,,,,,,,,3,34929
香港可诺丹婷美颜美体,102.76434,24.97818,,,,,,,,,,,3,35116
昆明新东方学校,102.765171,24.978739,,,,,,,,,,,3,43635
华夏银行东进支行,102.76503000000001,24.97863,,,,,,,,,,,3,46760
