name,longitude,latitude,phone,address,district,city,area,zipcodetype,datatype,date,creator,source,index
百大新天地,102.70943929999999,25.03680194,,,,,,,,,,,1,4503
南屏步行街,102.7102531,25.03627587,,,,,,,,,,,1,2435
鱼美人,102.70955,25.036739999999998,,,,,,,,,,,3,7000
宝贝豆食尚餐厅,102.70955,25.036739999999998,,,,,,,,,,,3,7470
都可茶饮全球连锁NO．1566,102.70955,25.036739999999998,,,,,,,,,,,3,10426
齐来锅,102.70955,25.036739999999998,,,,,,,,,,,3,12114
荷叶香阁,102.70955,25.036739999999998,,,,,,,,,,,3,12300
悦己港式火锅料理,102.70955,25.036739999999998,,,,,,,,,,,3,12479
江湖一碗,102.71063000000001,25.03622,,,,,,,,,,,3,12867
蜜兔,102.70955,25.036739999999998,,,,,,,,,,,3,13031
优格沃,102.70955,25.036739999999998,,,,,,,,,,,3,13056
莱茵春天自助餐厅百大店,102.70955,25.036739999999998,,,,,,,,,,,3,14579
本埠釜山料理,102.70955,25.036739999999998,,,,,,,,,,,3,15198
昆明快乐世界游戏室,102.70955,25.036739999999998,,,,,,,,,,,3,17188
鱼美人,102.70955,25.03654,,,,,,,,,,,3,19767
宝贝豆食尚餐厅,102.70955,25.03654,,,,,,,,,,,3,20237
都可茶饮全球连锁NO．1566,102.70955,25.03654,,,,,,,,,,,3,23193
齐来锅,102.70955,25.03654,,,,,,,,,,,3,24881
荷叶香阁,102.70955,25.03654,,,,,,,,,,,3,25067
悦己港式火锅料理,102.70955,25.03654,,,,,,,,,,,3,25246
江湖一碗,102.71063000000001,25.03602,,,,,,,,,,,3,25634
蜜兔,102.70955,25.03654,,,,,,,,,,,3,25798
优格沃,102.70955,25.03654,,,,,,,,,,,3,25823
莱茵春天自助餐厅百大店,102.70955,25.03654,,,,,,,,,,,3,27346
本埠釜山料理,102.70955,25.03654,,,,,,,,,,,3,27965
昆明快乐世界游戏室,102.70955,25.03654,,,,,,,,,,,3,29955
悦空间,102.70955,25.03654,,,,,,,,,,,3,30552
云南白药大药房南屏健康广场,102.710422,25.036298000000002,,,,,,,,,,,3,35654
怡雅阳光连锁酒店南屏时代店,102.71096999999999,25.035989999999998,,,,,,,,,,,3,39541
西南温泉游泳馆,102.710112,25.03521,,,,,,,,,,,1,1731
云南省建设工程招标投标行业协会,102.708865,25.035724,,,,,,,,,,,1,993
昆明新纪元大酒店,102.7094421,25.03544998,,,,,,,,,,,1,2854
云中乐园咖啡茶坊,102.708557,25.034561,,,,,,,,,,,1,850
西昌花园,102.70919599999999,25.033949,,,,,,,,,,,1,1753
纽芝兰,102.7080612,25.03466034,,,,,,,,,,,1,2399
昆明市西山区工人新村小学,102.708877,25.033885,,,,,,,,,,,1,2932
昆房置换大厦,102.709415,25.034142000000003,,,,,,,,,,,1,3271
好吃坊美食,102.707959,25.034563000000002,,,,,,,,,,,1,3789
查理布朗咖啡店(王府井店),102.7078542,25.03507438,,,,,,,,,,,1,4393
安康社区,102.708377,25.035018,,,,,,,,,,,1,4545
Fullcupcafe,102.7082962,25.03539988,,,,,,,,,,,1,4605
酷姆思顺城豪庭店,102.70824,25.03535,,,,,,,,,,,3,10733
伊兰堡小刀鸭,102.70826,25.03514,,,,,,,,,,,3,12960
托尼·盖专业美发,102.70825,25.03529,,,,,,,,,,,3,16377
酷姆思顺城豪庭店,102.70824,25.03515,,,,,,,,,,,3,23500
伊兰堡小刀鸭,102.70826,25.03494,,,,,,,,,,,3,25727
德清园映江楼,102.7085,25.03545,,,,,,,,,,,3,26189
托尼·盖专业美发,102.70825,25.03509,,,,,,,,,,,3,29144
丝语,102.70919,25.03407,,,,,,,,,,,3,31194
梦媛贵族尊尚SPA私人会所,102.70799,25.0345,,,,,,,,,,,3,31238
卡诗造型,102.70919,25.03426,,,,,,,,,,,3,33642
迅·妍美容美体SPA馆,102.70824,25.03474,,,,,,,,,,,3,34601
华山眼科医院,102.70949399999999,25.034742,,,,,,,,,,,3,38394
兴业银行昆明祥云支行,102.70824,25.035339999999998,,,,,,,,,,,3,46117
云中乐园咖啡茶坊,102.708557,25.034761,,,,,,,,,,,1,48049
西昌花园,102.70919599999999,25.034149,,,,,,,,,,,1,48952
哈鲜族木瓜牛奶鲜果吧,102.70900999999999,25.03631,,,,,,,,,,,3,5475
润生活甜品,102.7089,25.035639999999997,,,,,,,,,,,3,6241
拾味馆昆明顺城店,102.70841,25.03637,,,,,,,,,,,3,7579
Sｔｉｃｋ　ｈｏｕｓｅ,102.708,25.03572,,,,,,,,,,,3,11885
味彩,102.70841,25.03637,,,,,,,,,,,3,12882
德清园映江楼,102.7085,25.03565,,,,,,,,,,,3,13422
云阿姨,102.70841,25.03565,,,,,,,,,,,3,14478
找茶,102.708,25.03572,,,,,,,,,,,3,15111
香港多果兮,102.70902,25.036279999999998,,,,,,,,,,,3,15343
哈鲜族木瓜牛奶鲜果吧,102.70900999999999,25.03611,,,,,,,,,,,3,18242
润生活甜品,102.7089,25.035439999999998,,,,,,,,,,,3,19008
安薇塔英国茶屋,102.70818,25.036270000000002,,,,,,,,,,,3,19216
易道旺饺,102.70818,25.036270000000002,,,,,,,,,,,3,19409
摩提工房,102.70818,25.036270000000002,,,,,,,,,,,3,19410
BASIL　CAFE＆BISTRO,102.70818,25.036270000000002,,,,,,,,,,,3,19521
南洋小厨,102.70818,25.036270000000002,,,,,,,,,,,3,19670
INCEPTION,102.70818,25.036270000000002,,,,,,,,,,,3,19671
曼谷干锅,102.70818,25.036270000000002,,,,,,,,,,,3,19807
屋企汤馆港式茶餐厅,102.70818,25.036270000000002,,,,,,,,,,,3,20198
个人煮艺,102.70818,25.036270000000002,,,,,,,,,,,3,20199
糖的逻辑,102.70818,25.036270000000002,,,,,,,,,,,3,20200
拾味馆昆明顺城店,102.70841,25.036170000000002,,,,,,,,,,,3,20346
一休快乐牛排,102.70818,25.036270000000002,,,,,,,,,,,3,21171
JUICEFORLIFE,102.70818,25.036270000000002,,,,,,,,,,,3,21358
屋里憩韩国烤肉,102.70818,25.036270000000002,,,,,,,,,,,3,21770
拿渡麻辣香锅顺城店,102.70818,25.036270000000002,,,,,,,,,,,3,21827
莱茵春天西餐厅顺城店,102.70818,25.036270000000002,,,,,,,,,,,3,21828
便所主题餐厅,102.70818,25.036270000000002,,,,,,,,,,,3,22523
喜宴法式越南料理,102.70818,25.036270000000002,,,,,,,,,,,3,24525
杰克叔叔,102.70818,25.036270000000002,,,,,,,,,,,3,24528
Sｔｉｃｋ　ｈｏｕｓｅ,102.708,25.03552,,,,,,,,,,,3,24652
吉鼎顺美食广场,102.70818,25.036270000000002,,,,,,,,,,,3,25228
冰优乐,102.70818,25.036270000000002,,,,,,,,,,,3,25314
快乐柠檬,102.70818,25.036270000000002,,,,,,,,,,,3,25345
花时间,102.70818,25.036270000000002,,,,,,,,,,,3,25505
味彩,102.70841,25.036170000000002,,,,,,,,,,,3,25649
57道味港式铁板烧,102.70818,25.036270000000002,,,,,,,,,,,3,26016
云阿姨,102.70841,25.03545,,,,,,,,,,,3,27245
和米堂,102.70818,25.036270000000002,,,,,,,,,,,3,27465
茗记甜品,102.70818,25.036270000000002,,,,,,,,,,,3,27466
MAGIC　FACTORY,102.70818,25.036270000000002,,,,,,,,,,,3,27493
可可西米,102.70818,25.036270000000002,,,,,,,,,,,3,27619
找茶,102.708,25.03552,,,,,,,,,,,3,27878
乐市日本料理,102.70818,25.036270000000002,,,,,,,,,,,3,27890
杯子布丁,102.70818,25.036270000000002,,,,,,,,,,,3,27891
香港多果兮,102.70902,25.03608,,,,,,,,,,,3,28110
爱乐游,102.70818,25.036270000000002,,,,,,,,,,,3,29534
昱鑫百吉游乐公园,102.70818,25.036270000000002,,,,,,,,,,,3,30349
LOTION　SPA,102.70818,25.036270000000002,,,,,,,,,,,3,30710
百老汇影城IMAX影厅,102.70818,25.036270000000002,,,,,,,,,,,3,30994
山石久度撞球吧,102.70818,25.036270000000002,,,,,,,,,,,3,31422
水美集美妍会所,102.70818,25.036270000000002,,,,,,,,,,,3,32635
PRIME酒吧,102.70818,25.036270000000002,,,,,,,,,,,3,33650
爱尚美颜,102.70818,25.036270000000002,,,,,,,,,,,3,34062
佰草童话,102.70818,25.036270000000002,,,,,,,,,,,3,34073
丝宇名妆,102.70818,25.036270000000002,,,,,,,,,,,3,34161
胡润形象公社,102.70818,25.036270000000002,,,,,,,,,,,3,34522
KOO香港国际连锁沙龙昆明店,102.70841,25.036170000000002,,,,,,,,,,,3,35028
云之行天柏酒店,102.7093,25.03576,,,,,,,,,,,3,39498
云上四季连锁酒店百大店,102.7093,25.03576,,,,,,,,,,,3,39847
昆明市五华区广电局,102.707995,25.035304,,,,,,,,,,,3,41521
中国农业银行三市街支行,102.70979,25.03558,,,,,,,,,,,3,45920
云南省农村信用社ATM,102.70916,25.03549,,,,,,,,,,,3,46707
云南省建设工程招标投标行业协会,102.708865,25.035923999999998,,,,,,,,,,,1,48192
澳门豆捞 西昌路店,102.710371,25.034979,,,,,,,,,,,1,4529
大赤门国际美食自助餐厅,102.71105,25.0355,,,,,,,,,,,3,5262
肯德基柏联店,102.71011,25.03497,,,,,,,,,,,3,5526
紫悦轩海鲜火锅,102.71105,25.0355,,,,,,,,,,,3,6905
摩堤工坊,102.71105,25.0355,,,,,,,,,,,3,10442
和黄记港式饮品店,102.71061999999999,25.03502,,,,,,,,,,,3,11278
麦菲尔,102.71105,25.0355,,,,,,,,,,,3,12374
成记餐厅,102.71105,25.0355,,,,,,,,,,,3,12881
天津一绝灌汤小笼包,102.70961,25.03492,,,,,,,,,,,3,15295
植美美容SPA,102.71105,25.0355,,,,,,,,,,,3,15957
探奇乐园,102.71105,25.0355,,,,,,,,,,,3,16922
大赤门国际美食自助餐厅,102.71105,25.0353,,,,,,,,,,,3,18029
肯德基柏联店,102.71011,25.03477,,,,,,,,,,,3,18293
紫悦轩海鲜火锅,102.71105,25.0353,,,,,,,,,,,3,19672
摩堤工坊,102.71105,25.0353,,,,,,,,,,,3,23209
和黄记港式饮品店,102.71061999999999,25.03482,,,,,,,,,,,3,24045
麦菲尔,102.71105,25.0353,,,,,,,,,,,3,25141
成记餐厅,102.71105,25.0353,,,,,,,,,,,3,25648
天津一绝灌汤小笼包,102.70961,25.03472,,,,,,,,,,,3,28062
植美美容SPA,102.71105,25.0353,,,,,,,,,,,3,28724
探奇乐园,102.71105,25.0353,,,,,,,,,,,3,29689
英国汤尼英盖美发,102.71105,25.0353,,,,,,,,,,,3,33316
迪美生健身会所,102.71105,25.0353,,,,,,,,,,,3,33610
型型·色色发型创绎,102.71105,25.0353,,,,,,,,,,,3,34181
叶建军发型,102.71105,25.0353,,,,,,,,,,,3,34182
思妍丽SPA,102.71105,25.0353,,,,,,,,,,,3,34796
一心堂昆明三市街连锁店,102.70965600000001,25.034482999999998,,,,,,,,,,,3,36312
新东方学校泡泡少儿教育,102.710503,25.034545,,,,,,,,,,,3,43994
交通银行柏联支行,102.71055,25.0358,,,,,,,,,,,3,45778
西南温泉游泳馆,102.710112,25.03541,,,,,,,,,,,1,48930
中国工商银行ATM,102.71110999999999,25.03666,,,,,,,,,,,3,46316
中国兰州牛肉拉面,102.7088,25.03709,,,,,,,,,,,3,8776
哈根达斯昆百大店,102.70929,25.03681,,,,,,,,,,,3,9308
快而佳自选小碗菜NO．1,102.70908,25.03689,,,,,,,,,,,3,9384
城市花园正义店,102.70976479999999,25.037995600000002,,,,,,,,,,,1,4360
caffé bene,102.7094227,25.03823378,,,,,,,,,,,1,4615
季季红火锅NO．6,102.7095,25.038279999999997,,,,,,,,,,,3,5805
南城清真寺餐厅,102.70966999999999,25.037770000000002,,,,,,,,,,,3,6828
中国建设银行昆明金碧路支行,102.70968,25.039404,,,,,,,,,,,1,747
正义坊购物中心,102.7102449,25.040116100000002,,,,,,,,,,,1,808
时代广场,102.710337,25.039968,,,,,,,,,,,1,2143
靖国大厦,102.7097,25.039374,,,,,,,,,,,1,3357
桥香园正义坊店,102.70974,25.03902,,,,,,,,,,,3,5271
卡芭纳·意大利餐厅,102.70974,25.03902,,,,,,,,,,,3,5414
麦当劳光华店,102.70943,25.03999,,,,,,,,,,,3,7589
德克士新景星餐厅,102.70973000000001,25.03851,,,,,,,,,,,3,7686
Dａｉｒｙ　Qｕｅｅｎ昆明景星店,102.70938000000001,25.038639999999997,,,,,,,,,,,3,8450
叶妈妈小馆,102.70974,25.03902,,,,,,,,,,,3,8962
斗牛士牛排餐厅昆明店,102.70974,25.03902,,,,,,,,,,,3,9662
棒！约翰比萨昆明正义坊餐厅,102.7094,25.03872,,,,,,,,,,,3,11124
大瀚法式铁板烧,102.70974,25.03902,,,,,,,,,,,3,11246
禾太郎寿司,102.70974,25.03902,,,,,,,,,,,3,11653
混合动力,102.70974,25.03902,,,,,,,,,,,3,11757
美食天街,102.70974,25.0388,,,,,,,,,,,3,12548
找茶,102.70931,25.03947,,,,,,,,,,,3,12836
和叶泰国餐厅,102.70974,25.03902,,,,,,,,,,,3,13865
明治屋,102.70974,25.03902,,,,,,,,,,,3,13866
依佐拉巴西烤肉店正义店,102.70974,25.03902,,,,,,,,,,,3,13867
韩品阁韩式料理,102.70974,25.03902,,,,,,,,,,,3,13868
漫哈顿壹号美式烤房,102.70931,25.04017,,,,,,,,,,,3,14520
麦当劳甜品站,102.70939,25.03891,,,,,,,,,,,3,14678
听涛喜苑,102.71,25.03894,,,,,,,,,,,3,14775
光华街壹号老庄破酥包子,102.70974,25.0388,,,,,,,,,,,3,14776
桥香园正义坊店,102.70974,25.03882,,,,,,,,,,,3,18038
卡芭纳·意大利餐厅,102.70974,25.03882,,,,,,,,,,,3,18181
麦当劳光华店,102.70943,25.03979,,,,,,,,,,,3,20356
叶妈妈小馆,102.70974,25.03882,,,,,,,,,,,3,21729
斗牛士牛排餐厅昆明店,102.70974,25.03882,,,,,,,,,,,3,22429
大瀚法式铁板烧,102.70974,25.03882,,,,,,,,,,,3,24013
禾太郎寿司,102.70974,25.03882,,,,,,,,,,,3,24420
混合动力,102.70974,25.03882,,,,,,,,,,,3,24524
美食天街,102.70974,25.0386,,,,,,,,,,,3,25315
找茶,102.70931,25.039270000000002,,,,,,,,,,,3,25603
和叶泰国餐厅,102.70974,25.03882,,,,,,,,,,,3,26632
明治屋,102.70974,25.03882,,,,,,,,,,,3,26633
依佐拉巴西烤肉店正义店,102.70974,25.03882,,,,,,,,,,,3,26634
韩品阁韩式料理,102.70974,25.03882,,,,,,,,,,,3,26635
漫哈顿壹号美式烤房,102.70931,25.03997,,,,,,,,,,,3,27287
麦当劳甜品站,102.70939,25.038710000000002,,,,,,,,,,,3,27445
听涛喜苑,102.71,25.03874,,,,,,,,,,,3,27542
光华街壹号老庄破酥包子,102.70974,25.0386,,,,,,,,,,,3,27543
路易芬尼SPA生活馆,102.70974,25.03882,,,,,,,,,,,3,30638
柏妍美女子会所,102.70974,25.03882,,,,,,,,,,,3,31563
老街酒吧,102.7094,25.03865,,,,,,,,,,,3,32713
中脉·道和养生馆,102.70999,25.03931,,,,,,,,,,,3,33728
巴黎劳莎女子会馆,102.70974,25.03882,,,,,,,,,,,3,34060
华夏银行昆明分行,102.71005,25.03949,,,,,,,,,,,3,45774
中国邮政储蓄银行ATM,102.71,25.03889,,,,,,,,,,,3,46203
中国建设银行昆明金碧路支行,102.70968,25.039604,,,,,,,,,,,1,47946
鼎味风园,102.7095,25.038279999999997,,,,,,,,,,,3,7925
大维饮品,102.70955,25.03829,,,,,,,,,,,3,8777
京城一锅,102.7095,25.038279999999997,,,,,,,,,,,3,9145
朱家花园小吃坊,102.70904,25.037429999999997,,,,,,,,,,,3,9503
香港许记甜品,102.70936999999999,25.03744,,,,,,,,,,,3,11521
西西果快客亮饭,102.70917,25.037429999999997,,,,,,,,,,,3,11533
老汤鸡蛋面,102.70929,25.03744,,,,,,,,,,,3,15018
季季红火锅NO．6,102.7095,25.038079999999997,,,,,,,,,,,3,18572
南城清真寺餐厅,102.70966999999999,25.037570000000002,,,,,,,,,,,3,19595
德克士新景星餐厅,102.70973000000001,25.03831,,,,,,,,,,,3,20453
鼎味风园,102.7095,25.038079999999997,,,,,,,,,,,3,20692
Dａｉｒｙ　Qｕｅｅｎ昆明景星店,102.70938000000001,25.038439999999998,,,,,,,,,,,3,21217
大维饮品,102.70955,25.03809,,,,,,,,,,,3,21544
京城一锅,102.7095,25.038079999999997,,,,,,,,,,,3,21912
棒！约翰比萨昆明正义坊餐厅,102.7094,25.038520000000002,,,,,,,,,,,3,23891
香港许记甜品,102.70936999999999,25.03724,,,,,,,,,,,3,24288
老汤鸡蛋面,102.70929,25.03724,,,,,,,,,,,3,27785
景星动漫撞球城,102.7095,25.038079999999997,,,,,,,,,,,3,32897
来来网网网吧,102.71013,25.03835,,,,,,,,,,,3,34236
福林堂正义国药店,102.709997,25.038497,,,,,,,,,,,3,35635
雅景商务宾馆,102.70966999999999,25.037570000000002,,,,,,,,,,,3,40119
昆明穆斯林大厦,102.70966999999999,25.037570000000002,,,,,,,,,,,3,41354
弥勒竹园马记卤鸡卷粉店,102.70879000000001,25.03744,,,,,,,,,,,3,9978
丽园食坊,102.70879000000001,25.03744,,,,,,,,,,,3,10360
伟珺小吃店,102.70879000000001,25.03744,,,,,,,,,,,3,11407
腾冲特色饵丝店,102.70879000000001,25.03744,,,,,,,,,,,3,13280
辣得爽云南煳辣鱼,102.70908,25.03689,,,,,,,,,,,3,13308
艾雅小火锅,102.70908,25.03689,,,,,,,,,,,3,14921
中国兰州牛肉拉面,102.7088,25.03689,,,,,,,,,,,3,21543
哈根达斯昆百大店,102.70929,25.03661,,,,,,,,,,,3,22075
快而佳自选小碗菜NO．1,102.70908,25.03669,,,,,,,,,,,3,22151
朱家花园小吃坊,102.70904,25.037229999999997,,,,,,,,,,,3,22270
弥勒竹园马记卤鸡卷粉店,102.70879000000001,25.03724,,,,,,,,,,,3,22745
丽园食坊,102.70879000000001,25.03724,,,,,,,,,,,3,23127
伟珺小吃店,102.70879000000001,25.03724,,,,,,,,,,,3,24174
西西果快客亮饭,102.70917,25.037229999999997,,,,,,,,,,,3,24300
腾冲特色饵丝店,102.70879000000001,25.03724,,,,,,,,,,,3,26047
辣得爽云南煳辣鱼,102.70908,25.03669,,,,,,,,,,,3,26075
艾雅小火锅,102.70908,25.03669,,,,,,,,,,,3,27688
速比度动漫游戏体验中心,102.70881,25.03699,,,,,,,,,,,3,34474
