name,longitude,latitude,phone,address,district,city,area,zipcodetype,datatype,date,creator,source,index
圣心贝贝亲子幼儿之家,102.730734,25.069706,,,,,,,,,,,3,44505
顶牛面馆,102.729801,25.06927,,,,,,,,,,,1,4134
又一村食馆,102.73005,25.06927,,,,,,,,,,,3,13052
万丰小锅米线 凤凰新村店,102.72941,25.067635,,,,,,,,,,,1,1891
仟和骨头王火锅 时光店,102.7297,25.068192,,,,,,,,,,,1,2332
老鬼鸡汤饭NO．5,102.72946999999999,25.067899999999998,,,,,,,,,,,3,6767
元兴园餐厅,102.72953000000001,25.06789,,,,,,,,,,,3,6848
颐高数码广场,102.72874,25.068852,,,,,,,,,,,1,1364
宝力豪健身,102.7281,25.068713,,,,,,,,,,,1,4469
老东粥皇金星店,102.7291,25.06824,,,,,,,,,,,3,7641
火焰山烧烤形象店,102.72780999999999,25.06898,,,,,,,,,,,3,9824
北京百代,102.72893,25.06915,,,,,,,,,,,3,17350
云南省精神卫生中心门诊,102.728279,25.067613,,,,,,,,,,,1,987
古道宏厨,102.729169,25.067618,,,,,,,,,,,1,3939
旺佳欣重庆李记花椒鱼火锅,102.72776,25.0675,,,,,,,,,,,3,5941
傣家饭店,102.7284,25.067320000000002,,,,,,,,,,,3,8807
抚仙湖石锅鱼石锅鸡,102.72818000000001,25.067629999999998,,,,,,,,,,,3,9261
瑞余烤鱼堂,102.7284,25.06759,,,,,,,,,,,3,9825
张鑫羊肉米线金星总店,102.7276,25.06749,,,,,,,,,,,3,10513
穆轩园,102.7277,25.067520000000002,,,,,,,,,,,3,10514
金桂手拉面,102.72834,25.06759,,,,,,,,,,,3,10744
鑫乡园张家快活鸡,102.72809000000001,25.06766,,,,,,,,,,,3,11150
一家人火锅,102.72782,25.067729999999997,,,,,,,,,,,3,11223
伊星园真牛家常菜,102.72771999999999,25.06776,,,,,,,,,,,3,11294
鲜极品,102.72735,25.06755,,,,,,,,,,,3,13706
开胃鬼富源酸菜土猪脚火锅,102.72844,25.06757,,,,,,,,,,,3,13958
莱润美容美体养生坊,102.72906,25.06737,,,,,,,,,,,3,16270
好心情,102.72916,25.06735,,,,,,,,,,,3,16271
旺佳欣重庆李记花椒鱼火锅,102.72776,25.0673,,,,,,,,,,,3,18708
老东粥皇金星店,102.7291,25.06804,,,,,,,,,,,3,20408
SOHO俊园（星雅俊园）,102.728827,25.06633458,,,,,,,,,,,2,3
傣家饭店,102.7284,25.067120000000003,,,,,,,,,,,3,21574
三棵树乡村菜馆,102.72925,25.067120000000003,,,,,,,,,,,3,25818
莱润美容美体养生坊,102.72906,25.06717,,,,,,,,,,,3,29037
好心情,102.72916,25.06715,,,,,,,,,,,3,29038
景苑足疗按摩,102.7288,25.06701,,,,,,,,,,,3,30496
安然纳米汗蒸健康生活馆,102.72868000000001,25.06705,,,,,,,,,,,3,32710
SOHO俊园（星雅俊园）,102.728827,25.06653458,,,,,,,,,,,2,47202
抚仙湖石锅鱼石锅鸡,102.72818000000001,25.067429999999998,,,,,,,,,,,3,22028
瑞余烤鱼堂,102.7284,25.06739,,,,,,,,,,,3,22592
张鑫羊肉米线金星总店,102.7276,25.06729,,,,,,,,,,,3,23280
穆轩园,102.7277,25.067320000000002,,,,,,,,,,,3,23281
金桂手拉面,102.72834,25.06739,,,,,,,,,,,3,23511
鑫乡园张家快活鸡,102.72809000000001,25.06746,,,,,,,,,,,3,23917
一家人火锅,102.72782,25.067529999999998,,,,,,,,,,,3,23990
伊星园真牛家常菜,102.72771999999999,25.06756,,,,,,,,,,,3,24061
鲜极品,102.72735,25.06735,,,,,,,,,,,3,26473
开胃鬼富源酸菜土猪脚火锅,102.72844,25.06737,,,,,,,,,,,3,26725
博美造型金星店,102.72793,25.067239999999998,,,,,,,,,,,3,32088
曼奇娜美容美体,102.7289,25.067239999999998,,,,,,,,,,,3,33513
东方名美发,102.72759,25.06802,,,,,,,,,,,3,33885
康达浴足,102.72878,25.06791,,,,,,,,,,,3,34174
云鬓缘养发馆,102.72916,25.06779,,,,,,,,,,,3,34307
盘龙星欣诊所,102.72806700000001,25.0681,,,,,,,,,,,3,36649
健之佳健康药房NO．059,102.72756700000001,25.067219,,,,,,,,,,,3,38288
云南省精神卫生中心门诊,102.728279,25.067813,,,,,,,,,,,1,48186
火焰山烧烤形象店,102.72780999999999,25.06878,,,,,,,,,,,3,22591
奇珍农家园火锅店,102.72847,25.069679999999998,,,,,,,,,,,3,25751
正宗贵州凯里酸汤鸡鱼青椒童子鸡,102.72855,25.06966,,,,,,,,,,,3,26732
怡红美发工作室,102.72838,25.069589999999998,,,,,,,,,,,3,28642
北京百代,102.72893,25.06895,,,,,,,,,,,3,30117
民族广场,102.72963,25.06904,,,,,,,,,,,3,30749
老兵专业推拿,102.72818000000001,25.069000000000003,,,,,,,,,,,3,32910
琦可造型,102.72805,25.06864,,,,,,,,,,,3,33651
金洪盲人专业按摩,102.72821,25.06912,,,,,,,,,,,3,34159
康乐推拿足浴中心,102.72870999999999,25.06962,,,,,,,,,,,3,34403
淘气宝贝儿童游乐园,102.72929,25.06883,,,,,,,,,,,3,34412
雪莲美容美体养生馆,102.7279,25.06899,,,,,,,,,,,3,35104
昆明市昆嵩高速公路管理段,102.729188,25.068867,,,,,,,,,,,3,41520
昆明国轩艺术培训学校,102.728773,25.068596,,,,,,,,,,,3,44807
太阳花金戈双语幼儿园,102.729043,25.069372,,,,,,,,,,,3,45191
颐高数码广场,102.72874,25.069052,,,,,,,,,,,1,48563
金鑫乐农家园,102.72936,25.06737,,,,,,,,,,,3,9580
原生态曲靖大山羊肉,102.72936999999999,25.067429999999998,,,,,,,,,,,3,9581
丽江野山药腊排骨,102.7296,25.06733,,,,,,,,,,,3,10076
东北大馅水饺,102.72939000000001,25.06747,,,,,,,,,,,3,10515
三棵树乡村菜馆,102.72925,25.067320000000002,,,,,,,,,,,3,13051
寻味小吃,102.72985,25.06812,,,,,,,,,,,3,14610
来·遇·见·吧,102.72973,25.06847,,,,,,,,,,,3,15995
盘龙区残联金星盲人按摩院,102.73007,25.067729999999997,,,,,,,,,,,3,16473
老鬼鸡汤饭NO．5,102.72946999999999,25.0677,,,,,,,,,,,3,19534
元兴园餐厅,102.72953000000001,25.06769,,,,,,,,,,,3,19615
金鑫乐农家园,102.72936,25.06717,,,,,,,,,,,3,22347
原生态曲靖大山羊肉,102.72936999999999,25.06723,,,,,,,,,,,3,22348
丽江野山药腊排骨,102.7296,25.06713,,,,,,,,,,,3,22843
东北大馅水饺,102.72939000000001,25.06727,,,,,,,,,,,3,23282
寻味小吃,102.72985,25.06792,,,,,,,,,,,3,27377
来·遇·见·吧,102.72973,25.068270000000002,,,,,,,,,,,3,28762
盘龙区残联金星盲人按摩院,102.73007,25.067529999999998,,,,,,,,,,,3,29240
唐果小牛酒吧,102.7297,25.06822,,,,,,,,,,,3,30745
艺人阿宾发艺中心,102.7299,25.06782,,,,,,,,,,,3,31189
赵氏兄弟专业修脚房总部,102.7302,25.06749,,,,,,,,,,,3,31581
康吉华美容美妆,102.73036,25.067439999999998,,,,,,,,,,,3,32249
必修足浴养生馆全国连锁昆明总店,102.72938,25.067729999999997,,,,,,,,,,,3,32649
EJ　ｓｔｕｄｉｏ,102.72917,25.06803,,,,,,,,,,,3,33952
君安堂金星大药房,102.72954399999999,25.067963,,,,,,,,,,,3,38402
万丰小锅米线 凤凰新村店,102.72941,25.067835,,,,,,,,,,,1,49090
又一村食馆,102.73005,25.06907,,,,,,,,,,,3,25819
伟龙广场A幢,102.72974,25.07011,,,,,,,,,,,3,41255
镇雄县林业局驻昆办,102.729506,25.069636,,,,,,,,,,,3,42209
攀枝花矿务局供应处昆明办事处,102.729506,25.069636,,,,,,,,,,,3,42413
昆明市政府政务服务中心公安出入境分中心,102.729753,25.068996,,,,,,,,,,,3,42506
