name,longitude,latitude,phone,address,district,city,area,zipcodetype,datatype,date,creator,source,index
好又来煮品,102.79811,24.8889,,,,,,,,,,,3,15200
张记富源酸菜猪脚呈贡NO．8,102.79796,24.89036,,,,,,,,,,,3,6261
当麦基,102.79907,24.89019,,,,,,,,,,,3,6196
老俩口豌豆粉城,102.79843000000001,24.88961,,,,,,,,,,,3,6272
米香建水过桥米线,102.79911,24.89005,,,,,,,,,,,3,6494
兰州东升拉面馆实力锦城NO．3,102.79821,24.89045,,,,,,,,,,,3,6679
替天传味餐厅,102.79952,24.890179999999997,,,,,,,,,,,3,8494
贵州黑山羊米线馆,102.79815,24.89012,,,,,,,,,,,3,9388
鑫丰源酒楼,102.79991,24.8904,,,,,,,,,,,3,9563
薰衣草奶茶店鲜果吧,102.79901,24.8893,,,,,,,,,,,3,12685
七公江湖烤翅,102.79987,24.89007,,,,,,,,,,,3,15590
典雅美容,102.79881,24.89023,,,,,,,,,,,3,16038
昆虫网吧,102.79936,24.88945,,,,,,,,,,,3,16176
美颜坊美容美体,102.79903,24.890349999999998,,,,,,,,,,,3,16794
舒逸发廊,102.79818,24.890479999999997,,,,,,,,,,,3,17217
御颜丽人果蔬美容美体养生会所,102.79903,24.890349999999998,,,,,,,,,,,3,18914
呈贡大酒店KTV,102.79902,24.890379999999997,,,,,,,,,,,3,21483
星偶像名师名店,102.79876999999999,24.8903,,,,,,,,,,,3,21516
好药家城内店,102.799177,24.88962,,,,,,,,,,,3,23319
呈贡县益翠堂诊所,102.798891,24.890921,,,,,,,,,,,3,24755
鸿仁堂龙城大药店,102.798877,24.889847,,,,,,,,,,,3,24762
城内社区居委会卫生所,102.79898299999999,24.890648000000002,,,,,,,,,,,3,25954
华豪利招待所,102.79952,24.890179999999997,,,,,,,,,,,3,26499
顺发商务宾馆,102.79863,24.889529999999997,,,,,,,,,,,3,27357
爱维客宾馆,102.79936,24.88945,,,,,,,,,,,3,27690
糖业烟酒大楼,102.79867,24.88993,,,,,,,,,,,3,28390
呈贡区百货大楼,102.79914000000001,24.8897,,,,,,,,,,,3,28428
呈贡食品公司综合大楼,102.7982,24.889979999999998,,,,,,,,,,,3,28461
呈贡区供销社合作社联合社,102.799675,24.890273999999998,,,,,,,,,,,3,28868
惠春园,102.7986,24.89181,,,,,,,,,,,3,6124
个旧团山带皮小黄牛米线呈贡店,102.79873,24.891370000000002,,,,,,,,,,,3,7746
清品园,102.79881,24.891229999999997,,,,,,,,,,,3,14498
HL纯天然美容生活馆,102.79864,24.891479999999998,,,,,,,,,,,3,16070
四通洗面城,102.79862,24.89153,,,,,,,,,,,3,16071
天使美容呈贡分店,102.79847,24.89125,,,,,,,,,,,3,16765
好面子专业美容纹绣,102.79844,24.89135,,,,,,,,,,,3,18236
斗南街道社区卫生服务中心,102.798113,24.891477,,,,,,,,,,,3,24880
通艺艺术培训中心呈贡培训部,102.79884399999999,24.891168,,,,,,,,,,,3,30547
小新星英语呈贡分校,102.798857,24.89106,,,,,,,,,,,3,31241
惠春园,102.7986,24.89161,,,,,,,,,,,3,35913
个旧团山带皮小黄牛米线呈贡店,102.79873,24.891170000000002,,,,,,,,,,,3,37535
清品园,102.79881,24.891029999999997,,,,,,,,,,,3,44287
HL纯天然美容生活馆,102.79864,24.89128,,,,,,,,,,,3,45859
四通洗面城,102.79862,24.89133,,,,,,,,,,,3,45860
天使美容呈贡分店,102.79847,24.89105,,,,,,,,,,,3,46554
好面子专业美容纹绣,102.79844,24.89115,,,,,,,,,,,3,48025
斗南街道社区卫生服务中心,102.798113,24.891277,,,,,,,,,,,3,54669
通艺艺术培训中心呈贡培训部,102.79884399999999,24.890968,,,,,,,,,,,3,60336
中国工商银行呈贡龙城支行,102.79868,24.890620000000002,,,,,,,,,,,3,33795
中国邮政储蓄银行ATM,102.79883000000001,24.889429999999997,,,,,,,,,,,3,34304
当麦基,102.79907,24.88999,,,,,,,,,,,3,35985
米香建水过桥米线,102.79911,24.88985,,,,,,,,,,,3,36283
兰州东升拉面馆实力锦城NO．3,102.79821,24.89025,,,,,,,,,,,3,36468
替天传味餐厅,102.79952,24.889979999999998,,,,,,,,,,,3,38283
贵州黑山羊米线馆,102.79815,24.88992,,,,,,,,,,,3,39177
鑫丰源酒楼,102.79991,24.8902,,,,,,,,,,,3,39352
典雅美容,102.79881,24.89003,,,,,,,,,,,3,45827
美颜坊美容美体,102.79903,24.89015,,,,,,,,,,,3,46583
舒逸发廊,102.79818,24.890279999999997,,,,,,,,,,,3,47006
御颜丽人果蔬美容美体养生会所,102.79903,24.89015,,,,,,,,,,,3,48703
呈贡大酒店KTV,102.79902,24.890179999999997,,,,,,,,,,,3,51272
星偶像名师名店,102.79876999999999,24.8901,,,,,,,,,,,3,51305
魅力无限,102.7981,24.89037,,,,,,,,,,,3,51395
好药家城内店,102.799177,24.88942,,,,,,,,,,,3,53108
呈贡县益翠堂诊所,102.798891,24.890721,,,,,,,,,,,3,54544
鸿仁堂龙城大药店,102.798877,24.889647,,,,,,,,,,,3,54551
城内社区居委会卫生所,102.79898299999999,24.890448000000003,,,,,,,,,,,3,55743
华豪利招待所,102.79952,24.889979999999998,,,,,,,,,,,3,56288
糖业烟酒大楼,102.79867,24.88973,,,,,,,,,,,3,58179
呈贡区百货大楼,102.79914000000001,24.8895,,,,,,,,,,,3,58217
呈贡食品公司综合大楼,102.7982,24.88978,,,,,,,,,,,3,58250
呈贡区供销社合作社联合社,102.799675,24.890074,,,,,,,,,,,3,58657
小新星英语呈贡分校,102.798857,24.89086,,,,,,,,,,,3,61030
中国工商银行呈贡龙城支行,102.79868,24.890420000000002,,,,,,,,,,,3,63584
兰香聚餐馆,102.79694,24.88949,,,,,,,,,,,3,5347
尚品坊美食,102.79668000000001,24.8901,,,,,,,,,,,3,5382
千芳铜锅洋芋饭NO．1,102.79725,24.88972,,,,,,,,,,,3,7842
沙县小吃,102.79736,24.88972,,,,,,,,,,,3,8461
波仔川味饭店,102.79715,24.88958,,,,,,,,,,,3,11660
巧芋工坊,102.7972,24.89009,,,,,,,,,,,3,12857
燕归古镇过桥城,102.79713000000001,24.8901,,,,,,,,,,,3,12858
福香酒家,102.79683,24.88944,,,,,,,,,,,3,13111
福运来昭通天麻火腿鸡,102.7967,24.88973,,,,,,,,,,,3,15736
舒涵美颜养生馆,102.79608,24.88985,,,,,,,,,,,3,16726
艾丽丝专业烫染吧,102.79673000000001,24.88936,,,,,,,,,,,3,21464
龙辉网吧,102.79767,24.89003,,,,,,,,,,,3,21678
新·国色,102.79619,24.88982,,,,,,,,,,,3,22281
益翠堂药店,102.797549,24.889283,,,,,,,,,,,3,22927
呈贡区顺全诊所,102.79664,24.889286,,,,,,,,,,,3,23437
鸿仁堂福香大药房,102.79749,24.889414000000002,,,,,,,,,,,3,24429
一心堂呈贡连锁NO．2,102.797646,24.890033,,,,,,,,,,,3,24612
誉兴酒店,102.79608,24.88985,,,,,,,,,,,3,26459
锦江之星昆明呈贡店,102.79715,24.8893,,,,,,,,,,,3,27133
昆明市公安局呈贡分局交通管理大队三中队,102.796904,24.890090999999998,,,,,,,,,,,3,29323
知新家教,102.796522,24.889191,,,,,,,,,,,3,32244
中国工商银行ATM,102.7975,24.89005,,,,,,,,,,,3,34018
兰香聚餐馆,102.79694,24.88929,,,,,,,,,,,3,35136
尚品坊美食,102.79668000000001,24.8899,,,,,,,,,,,3,35171
千芳铜锅洋芋饭NO．1,102.79725,24.88952,,,,,,,,,,,3,37631
沙县小吃,102.79736,24.88952,,,,,,,,,,,3,38250
波仔川味饭店,102.79715,24.88938,,,,,,,,,,,3,41449
巧芋工坊,102.7972,24.88989,,,,,,,,,,,3,42646
燕归古镇过桥城,102.79713000000001,24.8899,,,,,,,,,,,3,42647
福香酒家,102.79683,24.88924,,,,,,,,,,,3,42900
福运来昭通天麻火腿鸡,102.7967,24.88953,,,,,,,,,,,3,45525
舒涵美颜养生馆,102.79608,24.88965,,,,,,,,,,,3,46515
艾丽丝专业烫染吧,102.79673000000001,24.88916,,,,,,,,,,,3,51253
龙辉网吧,102.79767,24.88983,,,,,,,,,,,3,51467
新·国色,102.79619,24.88962,,,,,,,,,,,3,52070
益翠堂药店,102.797549,24.889083,,,,,,,,,,,3,52716
呈贡区顺全诊所,102.79664,24.889086,,,,,,,,,,,3,53226
鸿仁堂福香大药房,102.79749,24.889214000000003,,,,,,,,,,,3,54218
一心堂呈贡连锁NO．2,102.797646,24.889833,,,,,,,,,,,3,54401
誉兴酒店,102.79608,24.88965,,,,,,,,,,,3,56248
锦江之星昆明呈贡店,102.79715,24.8891,,,,,,,,,,,3,56922
昆明市公安局呈贡分局交通管理大队三中队,102.796904,24.889891,,,,,,,,,,,3,59112
知新家教,102.796522,24.888991,,,,,,,,,,,3,62033
中国工商银行ATM,102.7975,24.88985,,,,,,,,,,,3,63807
重庆酸萝卜鱼张记NO．9,102.79803000000001,24.89024,,,,,,,,,,,3,11935
红树林歌舞厅,102.79813,24.88964,,,,,,,,,,,3,15976
温州时代发屋,102.79755,24.89092,,,,,,,,,,,3,16257
韩流发艺NO．2,102.79796999999999,24.889670000000002,,,,,,,,,,,3,16984
时尚秀专业烫染店,102.79791,24.89087,,,,,,,,,,,3,16986
天晴理发室,102.79785,24.89094,,,,,,,,,,,3,16987
新发现纤丝形象设计,102.79819,24.88964,,,,,,,,,,,3,17161
红梅发屋,102.79807,24.89061,,,,,,,,,,,3,20175
魅力无限,102.7981,24.89057,,,,,,,,,,,3,21606
红潮电脑屋,102.79791999999999,24.89002,,,,,,,,,,,3,22199
张记富源酸菜猪脚呈贡NO．8,102.79796,24.89016,,,,,,,,,,,3,36050
重庆酸萝卜鱼张记NO．9,102.79803000000001,24.89004,,,,,,,,,,,3,41724
温州时代发屋,102.79755,24.89072,,,,,,,,,,,3,46046
韩流发艺NO．2,102.79796999999999,24.889470000000003,,,,,,,,,,,3,46773
时尚秀专业烫染店,102.79791,24.89067,,,,,,,,,,,3,46775
天晴理发室,102.79785,24.89074,,,,,,,,,,,3,46776
红梅发屋,102.79807,24.89041,,,,,,,,,,,3,49964
勇勇发艺,102.79736,24.89092,,,,,,,,,,,3,50025
红潮电脑屋,102.79791999999999,24.88982,,,,,,,,,,,3,51988
一指福足浴,102.79798000000001,24.88862,,,,,,,,,,,3,17035
文华诊所,102.798176,24.888315,,,,,,,,,,,3,23508
顺达旅店,102.79781,24.88884,,,,,,,,,,,3,27351
老俩口豌豆粉城,102.79843000000001,24.88941,,,,,,,,,,,3,36061
呈贡风味饮食街,102.79978,24.888939999999998,,,,,,,,,,,3,9415
必欢客,102.79975,24.88939,,,,,,,,,,,3,10264
唛淇啉,102.79923000000001,24.88897,,,,,,,,,,,3,12934
九仟佳护肤中心,102.79998,24.88867,,,,,,,,,,,3,17462
呈贡县城中心文化广场,102.79942,24.88845,,,,,,,,,,,3,19362
呈贡影城,102.79945,24.88865,,,,,,,,,,,3,19871
新时代KTV量贩,102.79945,24.88865,,,,,,,,,,,3,19872
零距离休闲吧,102.79982,24.888879999999997,,,,,,,,,,,3,22038
本草秀复除疤祛痘体验店,102.79932,24.888849999999998,,,,,,,,,,,3,22330
汉庭酒店,102.79983,24.88918,,,,,,,,,,,3,27208
呈贡信合大厦,102.80019,24.8885,,,,,,,,,,,3,28560
跆拳道馆,102.79969799999999,24.888276,,,,,,,,,,,3,30253
呈贡风味饮食街,102.79978,24.88874,,,,,,,,,,,3,39204
必欢客,102.79975,24.88919,,,,,,,,,,,3,40053
薰衣草奶茶店鲜果吧,102.79901,24.8891,,,,,,,,,,,3,42474
唛淇啉,102.79923000000001,24.88877,,,,,,,,,,,3,42723
昆虫网吧,102.79936,24.88925,,,,,,,,,,,3,45965
九仟佳护肤中心,102.79998,24.88847,,,,,,,,,,,3,47251
呈贡县城中心文化广场,102.79942,24.88825,,,,,,,,,,,3,49151
呈贡影城,102.79945,24.88845,,,,,,,,,,,3,49660
新时代KTV量贩,102.79945,24.88845,,,,,,,,,,,3,49661
零距离休闲吧,102.79982,24.888679999999997,,,,,,,,,,,3,51827
本草秀复除疤祛痘体验店,102.79932,24.88865,,,,,,,,,,,3,52119
汉庭酒店,102.79983,24.88898,,,,,,,,,,,3,56997
爱维客宾馆,102.79936,24.88925,,,,,,,,,,,3,57479
呈贡信合大厦,102.80019,24.8883,,,,,,,,,,,3,58349
跆拳道馆,102.79969799999999,24.888076,,,,,,,,,,,3,60042
好又来煮品,102.79811,24.8887,,,,,,,,,,,3,44989
红树林歌舞厅,102.79813,24.88944,,,,,,,,,,,3,45765
一指福足浴,102.79798000000001,24.88842,,,,,,,,,,,3,46824
新发现纤丝形象设计,102.79819,24.88944,,,,,,,,,,,3,46950
顺达旅店,102.79781,24.88864,,,,,,,,,,,3,57140
顺发商务宾馆,102.79863,24.889329999999998,,,,,,,,,,,3,57146
中国邮政储蓄银行ATM,102.79883000000001,24.889229999999998,,,,,,,,,,,3,64093
