name,longitude,latitude,phone,address,district,city,area,zipcodetype,datatype,date,creator,source,index
昆明市质监局五华分局,102.72576600000001,25.100357,,,,,,,,,,,3,29277
雅闲居,102.72621529999999,25.10133111,,,,,,,,,,,1,1456
美发,102.72619,25.10141,,,,,,,,,,,3,18626
东源宾馆,102.72609,25.100929999999998,,,,,,,,,,,3,27644
中国工商银行ATM,102.72598,25.1006,,,,,,,,,,,3,33618
之佳便利店(红锦路),102.7267985,25.10264187,,,,,,,,,,,1,795
江川抚仙湖乔老爷石锅鱼,102.727,25.10337,,,,,,,,,,,3,8891
花溪村清汤鹅北城店,102.72697,25.10332,,,,,,,,,,,3,9240
圆圆心饭庄,102.72723,25.10217,,,,,,,,,,,3,9678
龙苑盛景,102.7250997,25.10290103,,,,,,,,,,,2,268
天添煮品店,102.72522,25.10301,,,,,,,,,,,3,10130
大理巍山耙肉饵丝,102.72596,25.103029999999997,,,,,,,,,,,3,11274
红域农家园,102.72504,25.102999999999998,,,,,,,,,,,3,12794
金柯爽牛菜馆,102.72496,25.10299,,,,,,,,,,,3,12795
正宗富源酸菜猪脚火锅,102.72608000000001,25.10302,,,,,,,,,,,3,12909
婷亭玉立小锅米线,102.7259,25.103029999999997,,,,,,,,,,,3,14562
贵州六盘水羊肉米线,102.72528,25.10302,,,,,,,,,,,3,15215
么么造型,102.72608000000001,25.10277,,,,,,,,,,,3,16204
神秘织布者,102.72419000000001,25.10291,,,,,,,,,,,3,17428
康鼎足疗,102.72501,25.10275,,,,,,,,,,,3,17429
佳缘足浴,102.72516,25.10277,,,,,,,,,,,3,17747
名角女士护肤美体养生馆,102.72605,25.10278,,,,,,,,,,,3,19905
伊芳氏健康美容院金域分店,102.7258,25.10281,,,,,,,,,,,3,19963
盛颜熏蒸养生会所,102.72437,25.102639999999997,,,,,,,,,,,3,20298
一心堂金域蓝湾小区店,102.725708,25.102808,,,,,,,,,,,3,24773
美琨诊所,102.724793,25.102952,,,,,,,,,,,3,25619
中国民生银行ATM,102.72516,25.10301,,,,,,,,,,,3,33060
交通银行ATM,102.72537,25.103029999999997,,,,,,,,,,,3,34048
天添煮品店,102.72522,25.10281,,,,,,,,,,,3,39919
大理巍山耙肉饵丝,102.72596,25.102829999999997,,,,,,,,,,,3,41063
红域农家园,102.72504,25.1028,,,,,,,,,,,3,42583
金柯爽牛菜馆,102.72496,25.10279,,,,,,,,,,,3,42584
正宗富源酸菜猪脚火锅,102.72608000000001,25.10282,,,,,,,,,,,3,42698
婷亭玉立小锅米线,102.7259,25.102829999999997,,,,,,,,,,,3,44351
贵州六盘水羊肉米线,102.72528,25.10282,,,,,,,,,,,3,45004
神秘织布者,102.72419000000001,25.102710000000002,,,,,,,,,,,3,47217
康鼎足疗,102.72501,25.10255,,,,,,,,,,,3,47218
佳缘足浴,102.72516,25.10257,,,,,,,,,,,3,47536
伊芳氏健康美容院金域分店,102.7258,25.102610000000002,,,,,,,,,,,3,49752
盛颜熏蒸养生会所,102.72437,25.102439999999998,,,,,,,,,,,3,50087
一心堂金域蓝湾小区店,102.725708,25.102608,,,,,,,,,,,3,54562
美琨诊所,102.724793,25.102752,,,,,,,,,,,3,55408
中国民生银行ATM,102.72516,25.10281,,,,,,,,,,,3,62849
交通银行ATM,102.72537,25.102829999999997,,,,,,,,,,,3,63837
龙苑盛景,102.7250997,25.10310103,,,,,,,,,,,2,64489
大理白族风味小吃,102.72628,25.10296,,,,,,,,,,,3,13833
老二婶餐厅,102.72704,25.102639999999997,,,,,,,,,,,3,13861
回真蒸地道清真菜馆,102.72703,25.103479999999998,,,,,,,,,,,3,15532
TOPSHOW发型·休闲文化,102.72652,25.102279999999997,,,,,,,,,,,3,16907
古热直罕海娜植物养发店,102.72681999999999,25.10298,,,,,,,,,,,3,18146
红苹果网络休闲会所,102.72685,25.103029999999997,,,,,,,,,,,3,20405
妃妃馆SPA美疗会所,102.72655999999999,25.10235,,,,,,,,,,,3,20887
雅妆美业指尖缘店,102.72621,25.102729999999998,,,,,,,,,,,3,21461
健之佳健康药房NO．162,102.726793,25.102912,,,,,,,,,,,3,24951
中国光大银行ATM,102.72708,25.10251,,,,,,,,,,,3,33711
江川抚仙湖乔老爷石锅鱼,102.727,25.103170000000002,,,,,,,,,,,3,38680
花溪村清汤鹅北城店,102.72697,25.10312,,,,,,,,,,,3,39029
圆圆心饭庄,102.72723,25.10197,,,,,,,,,,,3,39467
建水烧烤城,102.72665,25.10347,,,,,,,,,,,3,40979
火焰山烧烤,102.72672,25.10344,,,,,,,,,,,3,42304
大理白族风味小吃,102.72628,25.10276,,,,,,,,,,,3,43622
老二婶餐厅,102.72704,25.102439999999998,,,,,,,,,,,3,43650
回真蒸地道清真菜馆,102.72703,25.103279999999998,,,,,,,,,,,3,45321
么么造型,102.72608000000001,25.10257,,,,,,,,,,,3,45993
TOPSHOW发型·休闲文化,102.72652,25.102079999999997,,,,,,,,,,,3,46696
古热直罕海娜植物养发店,102.72681999999999,25.10278,,,,,,,,,,,3,47935
名角女士护肤美体养生馆,102.72605,25.10258,,,,,,,,,,,3,49694
红苹果网络休闲会所,102.72685,25.102829999999997,,,,,,,,,,,3,50194
妃妃馆SPA美疗会所,102.72655999999999,25.10215,,,,,,,,,,,3,50676
雅妆美业指尖缘店,102.72621,25.102529999999998,,,,,,,,,,,3,51250
健之佳健康药房NO．162,102.726793,25.102712,,,,,,,,,,,3,54740
中国光大银行ATM,102.72708,25.10231,,,,,,,,,,,3,63500
之佳便利店(红锦路),102.7267985,25.10284187,,,,,,,,,,,1,65016
美发,102.72619,25.101210000000002,,,,,,,,,,,3,48415
东源宾馆,102.72609,25.10073,,,,,,,,,,,3,57433
雅闲居,102.72621529999999,25.10153111,,,,,,,,,,,1,65677
云南英茂汽车保险销售服务有限公司,102.72573,25.100089999999998,,,,,,,,,,,3,33619
昆明市质监局五华分局,102.72576600000001,25.100157,,,,,,,,,,,3,59066
中国工商银行ATM,102.72598,25.1004,,,,,,,,,,,3,63407
云南英茂汽车保险销售服务有限公司,102.72573,25.09989,,,,,,,,,,,3,63408
