name,longitude,latitude,phone,address,district,city,area,zipcodetype,datatype,date,creator,source,index
正宗杭州小笼包,102.69455,25.04746,,,,,,,,,,,3,10594
弘裕园,102.69461,25.04656,,,,,,,,,,,3,9547
巍山耙肉饵丝昆明分店,102.69454,25.047279999999997,,,,,,,,,,,3,10010
变态薯薯条专门店全国连锁NO．31,102.69416,25.047199999999997,,,,,,,,,,,3,10333
阿图克,102.69454,25.04731,,,,,,,,,,,3,10467
沙县小吃,102.69454,25.04733,,,,,,,,,,,3,11252
火将军秘制云腿米线,102.69455,25.04715,,,,,,,,,,,3,13197
昆明师专附中,102.69403299999999,25.045645999999998,,,,,,,,,,,1,3075
方芳发廊,102.69462,25.0463,,,,,,,,,,,3,18270
潘家湾,102.6941162,25.0443421,,,,,,,,,,,1,2386
云南民族大厦,102.695468,25.04487,,,,,,,,,,,1,1070
引舌厨动,102.694541,25.045025,,,,,,,,,,,1,1304
林山饭店,102.695637,25.044605999999998,,,,,,,,,,,1,2643
民委西院,102.6955185,25.04587746,,,,,,,,,,,2,290
昆明新东方学校,102.695398,25.045528,,,,,,,,,,,1,2855
园林餐厅,102.69601,25.04582,,,,,,,,,,,3,13432
敬蓉草墩饭店,102.6957,25.04648,,,,,,,,,,,3,13479
雅斯蒂美容美发,102.696,25.046239999999997,,,,,,,,,,,3,18160
整脊推拿,102.69536,25.04621,,,,,,,,,,,3,21106
云南省人力资源和社会保障厅机关服务中心,102.69612,25.04571,,,,,,,,,,,3,29456
昆明市教工第二幼儿园,102.695355,25.046287,,,,,,,,,,,3,30486
云南省行政管理研究所,102.69612,25.04571,,,,,,,,,,,3,30702
园林餐厅,102.69601,25.04562,,,,,,,,,,,3,43221
敬蓉草墩饭店,102.6957,25.04628,,,,,,,,,,,3,43268
雅斯蒂美容美发,102.696,25.046039999999998,,,,,,,,,,,3,47949
方芳发廊,102.69462,25.0461,,,,,,,,,,,3,48059
整脊推拿,102.69536,25.04601,,,,,,,,,,,3,50895
云南省人力资源和社会保障厅机关服务中心,102.69612,25.04551,,,,,,,,,,,3,59245
昆明市教工第二幼儿园,102.695355,25.046087,,,,,,,,,,,3,60275
云南省行政管理研究所,102.69612,25.04551,,,,,,,,,,,3,60491
民委西院,102.6955185,25.04607746,,,,,,,,,,,2,64511
云南民族大厦,102.695468,25.04507,,,,,,,,,,,1,65291
昆明新东方学校,102.695398,25.045728,,,,,,,,,,,1,67076
蔼若春 民委店,102.695787,25.044275,,,,,,,,,,,1,4560
天津一绝灌汤小笼包,102.69465,25.04469,,,,,,,,,,,3,8327
新锐港式靓饮西昌路店,102.69465,25.044620000000002,,,,,,,,,,,3,12484
云南省劳改局医院门诊部,102.695493,25.044304999999998,,,,,,,,,,,3,23161
利康医科诊所,102.69466899999999,25.044843,,,,,,,,,,,3,24808
康宁焱西昌路旗舰店,102.69466899999999,25.04494,,,,,,,,,,,3,24917
五华区政府龙翔街道办事处,102.695208,25.044307999999997,,,,,,,,,,,3,29745
天津一绝灌汤小笼包,102.69465,25.04449,,,,,,,,,,,3,38116
新锐港式靓饮西昌路店,102.69465,25.044420000000002,,,,,,,,,,,3,42273
云南省劳改局医院门诊部,102.695493,25.044105,,,,,,,,,,,3,52950
利康医科诊所,102.69466899999999,25.044643,,,,,,,,,,,3,54597
康宁焱西昌路旗舰店,102.69466899999999,25.04474,,,,,,,,,,,3,54706
五华区政府龙翔街道办事处,102.695208,25.044107999999998,,,,,,,,,,,3,59534
林山饭店,102.695637,25.044805999999998,,,,,,,,,,,1,66864
蔼若春 民委店,102.695787,25.044475,,,,,,,,,,,1,68781
七〇五科研大楼,102.69257900000001,25.045153,,,,,,,,,,,1,2344
过桥城五分店,102.693515,25.044894,,,,,,,,,,,1,3839
疯狂de馄饨,102.691797,25.044931,,,,,,,,,,,1,4037
云南音像出版社羽毛球场,102.69312,25.04562,,,,,,,,,,,3,21132
昆明天伦妇产医院,102.69208,25.044487,,,,,,,,,,,3,23056
云南电视台七彩影视艺术培训学校,102.69283399999999,25.045519,,,,,,,,,,,3,31131
云南省广播电视局幼儿园,102.69279,25.045072,,,,,,,,,,,3,31544
北京四中网校昆明分校,102.69309799999999,25.045488,,,,,,,,,,,3,31619
云南音像出版社羽毛球场,102.69312,25.04542,,,,,,,,,,,3,50921
云南电视台七彩影视艺术培训学校,102.69283399999999,25.045319,,,,,,,,,,,3,60920
云南省广播电视局幼儿园,102.69279,25.044872,,,,,,,,,,,3,61333
北京四中网校昆明分校,102.69309799999999,25.045288,,,,,,,,,,,3,61408
七〇五科研大楼,102.69257900000001,25.045353,,,,,,,,,,,1,66565
过桥城五分店,102.693515,25.045094,,,,,,,,,,,1,68060
疯狂de馄饨,102.691797,25.045130999999998,,,,,,,,,,,1,68258
昆明医科大学第一附属医院－综合餐厅,102.69341999999999,25.04384,,,,,,,,,,,3,6188
家园面食,102.69341,25.043779999999998,,,,,,,,,,,3,10288
金桥口腔连锁店,102.69411099999999,25.044453,,,,,,,,,,,3,23108
昆明五华红会医院药房,102.694212,25.044951,,,,,,,,,,,3,24119
丹麦瑞声达助听器,102.694086,25.044425,,,,,,,,,,,3,24507
昆明广园饭店,102.69423,25.0449,,,,,,,,,,,3,26737
交通银行ATM,102.6941,25.04376,,,,,,,,,,,3,33703
金桥口腔连锁店,102.69411099999999,25.044253,,,,,,,,,,,3,52897
昆明五华红会医院药房,102.694212,25.044751,,,,,,,,,,,3,53908
丹麦瑞声达助听器,102.694086,25.044225,,,,,,,,,,,3,54296
昆明广园饭店,102.69423,25.0447,,,,,,,,,,,3,56526
交通银行ATM,102.6941,25.04356,,,,,,,,,,,3,63492
潘家湾,102.6941162,25.0445421,,,,,,,,,,,1,66607
弘裕园,102.69461,25.04636,,,,,,,,,,,3,39336
引舌厨动,102.694541,25.045225,,,,,,,,,,,1,65525
昆明师专附中,102.69403299999999,25.045845999999997,,,,,,,,,,,1,67296
东骏大药房昆师路连锁店,102.694707,25.047033,,,,,,,,,,,3,25740
鹰王E捷酒店,102.69466,25.047060000000002,,,,,,,,,,,3,27746
昆明第一中学,102.69414599999999,25.046895,,,,,,,,,,,3,30209
成龙学校,102.69472900000001,25.04678,,,,,,,,,,,3,30541
富滇银行昆师路支行,102.69508,25.04705,,,,,,,,,,,3,34248
巍山耙肉饵丝昆明分店,102.69454,25.047079999999998,,,,,,,,,,,3,39799
变态薯薯条专门店全国连锁NO．31,102.69416,25.046999999999997,,,,,,,,,,,3,40122
阿图克,102.69454,25.04711,,,,,,,,,,,3,40256
正宗杭州小笼包,102.69455,25.04726,,,,,,,,,,,3,40383
沙县小吃,102.69454,25.04713,,,,,,,,,,,3,41041
不二文化奶茶铺昆一中店,102.69409,25.04727,,,,,,,,,,,3,41378
火将军秘制云腿米线,102.69455,25.04695,,,,,,,,,,,3,42986
果麦全国NO．332,102.69408,25.04731,,,,,,,,,,,3,43935
东骏大药房昆师路连锁店,102.694707,25.046833,,,,,,,,,,,3,55529
鹰王E捷酒店,102.69466,25.046860000000002,,,,,,,,,,,3,57535
昆明第一中学,102.69414599999999,25.046695,,,,,,,,,,,3,59998
成龙学校,102.69472900000001,25.04658,,,,,,,,,,,3,60330
富滇银行昆师路支行,102.69508,25.04685,,,,,,,,,,,3,64037
惠客坊,102.69408,25.0476,,,,,,,,,,,3,11040
不二文化奶茶铺昆一中店,102.69409,25.04747,,,,,,,,,,,3,11589
果谷创品,102.69406,25.04804,,,,,,,,,,,3,11590
果麦全国NO．332,102.69408,25.04751,,,,,,,,,,,3,14146
恒兴大厦A座,102.6945,25.0483,,,,,,,,,,,3,28423
银泉轩白族人家,102.69451,25.04765,,,,,,,,,,,3,40530
惠客坊,102.69408,25.0474,,,,,,,,,,,3,40829
果谷创品,102.69406,25.04784,,,,,,,,,,,3,41379
恒兴酒店－餐厅,102.69447,25.047829999999998,,,,,,,,,,,3,41717
