name,longitude,latitude,phone,address,district,city,area,zipcodetype,datatype,date,creator,source,index
福禄寿厅,102.71438,25.04567,,,,,,,,,,,3,9097
聚德福,102.71438,25.04567,,,,,,,,,,,3,9098
天安宫中餐厅,102.71438,25.04567,,,,,,,,,,,3,9099
龙凤呈祥婚宴厅,102.71438,25.04567,,,,,,,,,,,3,9100
凡尔赛西餐厅,102.71438,25.04567,,,,,,,,,,,3,9101
沙坪坝老巷子火锅NO．2,102.71531999999999,25.04611,,,,,,,,,,,3,5769
水墨书吧,102.71596,25.045018,,,,,,,,,,,1,2069
卡芭纳意大利餐厅,102.71615899999999,25.045051,,,,,,,,,,,1,3324
城市花园,102.71620899999999,25.044511,,,,,,,,,,,1,4363
玉碗香,102.71629,25.04486,,,,,,,,,,,3,7633
大理耙肉饵丝,102.71624,25.044179999999997,,,,,,,,,,,3,9351
杰克西餐,102.71625999999999,25.045579999999998,,,,,,,,,,,3,10436
馥香源,102.7163,25.04496,,,,,,,,,,,3,11647
重庆家常菜馆NO．1,102.71546,25.04543,,,,,,,,,,,3,11847
蒸氏鲜功夫餐厅,102.71585,25.044439999999998,,,,,,,,,,,3,13301
老橡树,102.71629,25.04472,,,,,,,,,,,3,17902
玉清泉足道品牌连锁旗舰店,102.71625,25.04427,,,,,,,,,,,3,19317
点点豆豆欢乐吧,102.7155,25.044539999999998,,,,,,,,,,,3,20153
一路阳光,102.71629,25.04478,,,,,,,,,,,3,21143
东氏养生会所,102.71514,25.04476,,,,,,,,,,,3,21382
石器时代后,102.71621999999999,25.04567,,,,,,,,,,,3,21699
首懿阿玛尼,102.7155,25.04487,,,,,,,,,,,3,21950
华西同仁口腔诊所,102.716265,25.044217999999997,,,,,,,,,,,3,23627
志远住宿部,102.71511,25.04505,,,,,,,,,,,3,26697
聚缘楼客房部,102.71511,25.04505,,,,,,,,,,,3,27276
云之尚主题酒店昆明滨江店,102.7163,25.04505,,,,,,,,,,,3,27637
金鑫旅馆,102.71511,25.04505,,,,,,,,,,,3,27692
昆明市盘龙区地税局稽查局,102.716274,25.045314,,,,,,,,,,,3,29115
昆明市盘龙区国土资源管理行政执法大队,102.715784,25.045679999999997,,,,,,,,,,,3,29435
昆明市公安局盘龙分局鼓楼派出所,102.715795,25.045323,,,,,,,,,,,3,29476
云南地税局办税服务厅,102.716274,25.045314,,,,,,,,,,,3,29484
玉碗香,102.71629,25.04466,,,,,,,,,,,3,37422
杰克西餐,102.71625999999999,25.045379999999998,,,,,,,,,,,3,40225
馥香源,102.7163,25.04476,,,,,,,,,,,3,41436
重庆家常菜馆NO．1,102.71546,25.04523,,,,,,,,,,,3,41636
新天地网吧,102.71500999999999,25.04518,,,,,,,,,,,3,47062
老橡树,102.71629,25.044520000000002,,,,,,,,,,,3,47691
一路阳光,102.71629,25.04458,,,,,,,,,,,3,50932
东氏养生会所,102.71514,25.04456,,,,,,,,,,,3,51171
石器时代后,102.71621999999999,25.04547,,,,,,,,,,,3,51488
首懿阿玛尼,102.7155,25.04467,,,,,,,,,,,3,51739
志远住宿部,102.71511,25.04485,,,,,,,,,,,3,56486
聚缘楼客房部,102.71511,25.04485,,,,,,,,,,,3,57065
云之尚主题酒店昆明滨江店,102.7163,25.04485,,,,,,,,,,,3,57426
金鑫旅馆,102.71511,25.04485,,,,,,,,,,,3,57481
昆明市盘龙区地税局稽查局,102.716274,25.045114,,,,,,,,,,,3,58904
昆明市盘龙区国土资源管理行政执法大队,102.715784,25.045479999999998,,,,,,,,,,,3,59224
昆明市公安局盘龙分局鼓楼派出所,102.715795,25.045123,,,,,,,,,,,3,59265
云南地税局办税服务厅,102.716274,25.045114,,,,,,,,,,,3,59273
水墨书吧,102.71596,25.045218,,,,,,,,,,,1,66290
卡芭纳意大利餐厅,102.71615899999999,25.045251,,,,,,,,,,,1,67545
城市花园,102.71620899999999,25.044711,,,,,,,,,,,1,68584
金汤银丝建水砂锅过桥米线,102.71523,25.046889999999998,,,,,,,,,,,3,13720
品鲜坊,102.71474,25.04559,,,,,,,,,,,3,14650
帅乐养生俱乐部,102.71562,25.046229999999998,,,,,,,,,,,3,16180
玉珍美发,102.71523,25.04694,,,,,,,,,,,3,16466
卷发女人发型会馆,102.71598,25.04635,,,,,,,,,,,3,16841
新天地网吧,102.71500999999999,25.045379999999998,,,,,,,,,,,3,17273
科瑞翔网吧,102.71491,25.04618,,,,,,,,,,,3,17298
柔婷美容会所,102.71503,25.04562,,,,,,,,,,,3,20723
盛迪大厦,102.71562,25.046229999999998,,,,,,,,,,,3,28582
中国石化西南石油局,102.715806,25.046857,,,,,,,,,,,3,31483
沙坪坝老巷子火锅NO．2,102.71531999999999,25.04591,,,,,,,,,,,3,35558
金汤银丝建水砂锅过桥米线,102.71523,25.046689999999998,,,,,,,,,,,3,43509
品鲜坊,102.71474,25.04539,,,,,,,,,,,3,44439
帅乐养生俱乐部,102.71562,25.04603,,,,,,,,,,,3,45969
玉珍美发,102.71523,25.04674,,,,,,,,,,,3,46255
卷发女人发型会馆,102.71598,25.04615,,,,,,,,,,,3,46630
科瑞翔网吧,102.71491,25.04598,,,,,,,,,,,3,47087
柔婷美容会所,102.71503,25.04542,,,,,,,,,,,3,50512
盛迪大厦,102.71562,25.04603,,,,,,,,,,,3,58371
中国石化西南石油局,102.715806,25.046657,,,,,,,,,,,3,61272
经贸宾馆－棋牌室,102.71438,25.04567,,,,,,,,,,,3,16255
国家经贸委昆明培训中心,102.714373,25.045628,,,,,,,,,,,3,30769
福禄寿厅,102.71438,25.04547,,,,,,,,,,,3,38886
聚德福,102.71438,25.04547,,,,,,,,,,,3,38887
天安宫中餐厅,102.71438,25.04547,,,,,,,,,,,3,38888
龙凤呈祥婚宴厅,102.71438,25.04547,,,,,,,,,,,3,38889
凡尔赛西餐厅,102.71438,25.04547,,,,,,,,,,,3,38890
经贸宾馆－棋牌室,102.71438,25.04547,,,,,,,,,,,3,46044
国家经贸委昆明培训中心,102.714373,25.045428,,,,,,,,,,,3,60558
