name,longitude,latitude,phone,address,district,city,area,zipcodetype,datatype,date,creator,source,index
德胜桥豆花米线和平店,102.72256,25.02725,,,,,,,,,,,3,11105
本色,102.721407,25.027217,,,,,,,,,,,1,4442
十二棵橡树庄园,102.7213757,25.028117,,,,,,,,,,,2,328
天城花园,102.72115600000001,25.028046,,,,,,,,,,,1,1970
螺蛳湾中心,102.719984,25.028095,,,,,,,,,,,2,272
匹克(北京路),102.7207368,25.02769857,,,,,,,,,,,1,2369
昆明春天,102.7208652,25.0278207,,,,,,,,,,,1,3242
狗三爷烧烤,102.72069599999999,25.028637,,,,,,,,,,,1,3942
忆味轩川味米线馆,102.71993,25.02886,,,,,,,,,,,3,12561
颐人园,102.71993,25.02892,,,,,,,,,,,3,13858
盛贤聚茶餐厅,102.71993,25.02886,,,,,,,,,,,3,15569
莎蔓莉莎美容会所,102.72059,25.0285,,,,,,,,,,,3,18640
发之道生发养发馆,102.72067,25.02802,,,,,,,,,,,3,19113
云南省第三人民医院－综合楼,102.719503,25.028799,,,,,,,,,,,3,22995
锦程大药房,102.71963199999999,25.028804,,,,,,,,,,,3,23747
大理学院昆明附属医院,102.720262,25.028023,,,,,,,,,,,3,24716
昆明市盘龙区邮政局,102.720683,25.028048000000002,,,,,,,,,,,3,28734
中国工商银行ATM,102.71973,25.02802,,,,,,,,,,,3,33277
正宗富源酸菜土猪脚,102.72003000000001,25.02889,,,,,,,,,,,3,37578
忆味轩川味米线馆,102.71993,25.028660000000002,,,,,,,,,,,3,42350
颐人园,102.71993,25.02872,,,,,,,,,,,3,43647
盛贤聚茶餐厅,102.71993,25.028660000000002,,,,,,,,,,,3,45358
莎蔓莉莎美容会所,102.72059,25.0283,,,,,,,,,,,3,48429
发之道生发养发馆,102.72067,25.027820000000002,,,,,,,,,,,3,48902
云南省第三人民医院－综合楼,102.719503,25.028599,,,,,,,,,,,3,52784
锦程大药房,102.71963199999999,25.028604,,,,,,,,,,,3,53536
云南省企业职工体检中心,102.719183,25.028594000000002,,,,,,,,,,,3,54421
大理学院昆明附属医院,102.720262,25.027823,,,,,,,,,,,3,54505
昆明市盘龙区邮政局,102.720683,25.027848000000002,,,,,,,,,,,3,58523
吉林省四平市政府驻昆明办,102.72090899999999,25.028273000000002,,,,,,,,,,,3,59760
中国工商银行ATM,102.71973,25.027820000000002,,,,,,,,,,,3,63066
螺蛳湾中心,102.719984,25.028295,,,,,,,,,,,2,64493
匹克(北京路),102.7207368,25.027898569999998,,,,,,,,,,,1,66590
昆明春天,102.7208652,25.0280207,,,,,,,,,,,1,67463
沙县小吃和平村店,102.72223000000001,25.02809,,,,,,,,,,,3,10967
苏氏煮品大理耙肉饵丝,102.72225,25.02785,,,,,,,,,,,3,13644
吉林省四平市政府驻昆明办,102.72090899999999,25.028473,,,,,,,,,,,3,29971
建迅教育,102.721402,25.028132999999997,,,,,,,,,,,3,31123
大维饮品,102.72222,25.0285,,,,,,,,,,,3,39641
沙县小吃和平村店,102.72223000000001,25.02789,,,,,,,,,,,3,40756
建迅教育,102.721402,25.027932999999997,,,,,,,,,,,3,60912
十二棵橡树庄园,102.7213757,25.028317,,,,,,,,,,,2,64549
天城花园,102.72115600000001,25.028246,,,,,,,,,,,1,66191
本色,102.721407,25.027417,,,,,,,,,,,1,68663
果麦,102.72078,25.02698,,,,,,,,,,,3,8663
布依泉水鸡,102.72188,25.02702,,,,,,,,,,,3,9077
知味缘火锅,102.72188,25.02702,,,,,,,,,,,3,9853
荣升园餐厅,102.72136,25.026989999999998,,,,,,,,,,,3,10670
大维饮品,102.72088000000001,25.026970000000002,,,,,,,,,,,3,13871
Yｅ发专业美发连锁和平店,102.72131999999999,25.02698,,,,,,,,,,,3,17302
新标榜美发连锁·烫染造型名店NO．20,102.72098000000001,25.02698,,,,,,,,,,,3,17481
滇池电影广场,102.72076,25.027179999999998,,,,,,,,,,,3,18277
完美时光网络会所,102.72076,25.02713,,,,,,,,,,,3,19410
飞乐网城,102.72136,25.026989999999998,,,,,,,,,,,3,20470
蔡将军阳光酒店,102.72041999999999,25.02715,,,,,,,,,,,3,26891
影都宾馆,102.7217,25.026989999999998,,,,,,,,,,,3,27743
果麦,102.72078,25.02678,,,,,,,,,,,3,38452
苏氏煮品大理耙肉饵丝,102.72225,25.02765,,,,,,,,,,,3,43433
大维饮品,102.72088000000001,25.026770000000003,,,,,,,,,,,3,43660
新标榜美发连锁·烫染造型名店NO．20,102.72098000000001,25.02678,,,,,,,,,,,3,47270
滇池电影广场,102.72076,25.02698,,,,,,,,,,,3,48066
完美时光网络会所,102.72076,25.02693,,,,,,,,,,,3,49199
大烟囱,102.72256,25.02752,,,,,,,,,,,3,12975
有形有色专业烫染,102.72232,25.02667,,,,,,,,,,,3,19898
一心堂昆明和平村连锁店,102.722563,25.027545999999997,,,,,,,,,,,3,25597
大烟囱,102.72256,25.02732,,,,,,,,,,,3,42764
双龙小区(Ⅰ),102.723754,25.027525,,,,,,,,,,,1,2079
城建宾馆,102.723974,25.028015,,,,,,,,,,,1,4367
潘家食馆,102.72463,25.02715,,,,,,,,,,,3,6443
永安商场,102.723336,25.026584,,,,,,,,,,,1,1291
双龙桥大院,102.72246,25.026541,,,,,,,,,,,1,2083
水族馆时尚饮品休闲吧,102.72294000000001,25.02701,,,,,,,,,,,3,6718
草之墩饭店,102.7234,25.02698,,,,,,,,,,,3,8291
汁汁优味和平加盟店,102.72279,25.02702,,,,,,,,,,,3,9429
重庆胖妈烂火锅和平店,102.72261999999999,25.02655,,,,,,,,,,,3,10239
官渡小吃,102.72329,25.026989999999998,,,,,,,,,,,3,11106
如如素食,102.72266,25.02597,,,,,,,,,,,3,11397
大卡司美食饮品专卖连锁云南分店,102.72298,25.02677,,,,,,,,,,,3,11541
一杯甜品,102.72261999999999,25.02664,,,,,,,,,,,3,12206
果麦全国NO．412,102.72379000000001,25.02698,,,,,,,,,,,3,15102
封面女廊个人形象会所,102.72259,25.027070000000002,,,,,,,,,,,3,16227
老五经典美发会所,102.72242,25.02631,,,,,,,,,,,3,16237
进财足浴按摩理疗服务部云南昆明总店,102.72376,25.02722,,,,,,,,,,,3,18237
撞客台球,102.72259,25.027070000000002,,,,,,,,,,,3,19584
昆明市官渡区夕阳红茶室,102.72304,25.02601,,,,,,,,,,,3,21528
滨滨风格,102.72264,25.026339999999998,,,,,,,,,,,3,21976
蔡氏诊所,102.724102,25.026971,,,,,,,,,,,3,25036
昆明第十六中学,102.72304,25.02677,,,,,,,,,,,3,31676
水族馆时尚饮品休闲吧,102.72294000000001,25.02681,,,,,,,,,,,3,36507
草之墩饭店,102.7234,25.02678,,,,,,,,,,,3,38080
汁汁优味和平加盟店,102.72279,25.02682,,,,,,,,,,,3,39218
重庆胖妈烂火锅和平店,102.72261999999999,25.02635,,,,,,,,,,,3,40028
德胜桥豆花米线和平店,102.72256,25.02705,,,,,,,,,,,3,40894
官渡小吃,102.72329,25.02679,,,,,,,,,,,3,40895
大卡司美食饮品专卖连锁云南分店,102.72298,25.02657,,,,,,,,,,,3,41330
一杯甜品,102.72261999999999,25.02644,,,,,,,,,,,3,41995
果麦全国NO．412,102.72379000000001,25.02678,,,,,,,,,,,3,44891
封面女廊个人形象会所,102.72259,25.026870000000002,,,,,,,,,,,3,46016
进财足浴按摩理疗服务部云南昆明总店,102.72376,25.02702,,,,,,,,,,,3,48026
撞客台球,102.72259,25.026870000000002,,,,,,,,,,,3,49373
昆明市官渡区夕阳红茶室,102.72304,25.02581,,,,,,,,,,,3,51317
滨滨风格,102.72264,25.026139999999998,,,,,,,,,,,3,51765
蔡氏诊所,102.724102,25.026771,,,,,,,,,,,3,54825
昆明第十六中学,102.72304,25.02657,,,,,,,,,,,3,61465
永安商场,102.723336,25.026784,,,,,,,,,,,1,65512
双龙桥大院,102.72246,25.026741,,,,,,,,,,,1,66304
桂英理发室,102.72310999999999,25.02805,,,,,,,,,,,3,20902
云南中医学院第二附属医院,102.723827,25.028076000000002,,,,,,,,,,,3,25369
如家快捷酒店昆明北京路吴井路店,102.7235,25.027820000000002,,,,,,,,,,,3,27499
昆明市人力资源和社会保障局职业培训指导中心,102.723478,25.027801999999998,,,,,,,,,,,3,30348
桂英理发室,102.72310999999999,25.02785,,,,,,,,,,,3,50691
云南中医学院第二附属医院,102.723827,25.027876000000003,,,,,,,,,,,3,55158
如家快捷酒店昆明北京路吴井路店,102.7235,25.027620000000002,,,,,,,,,,,3,57288
昆明市人力资源和社会保障局职业培训指导中心,102.723478,25.027601999999998,,,,,,,,,,,3,60137
双龙小区(Ⅰ),102.723754,25.027725,,,,,,,,,,,1,66300
城建宾馆,102.723974,25.028215,,,,,,,,,,,1,68588
一心堂昆明和平村连锁店,102.722563,25.027345999999998,,,,,,,,,,,3,55386
