name,longitude,latitude,phone,address,district,city,area,zipcodetype,datatype,date,creator,source,index
聚缘庄川菜酒楼,102.71880999999999,25.02571,,,,,,,,,,,3,13928
前卫农家园草墩饭店,102.7177,25.02593,,,,,,,,,,,3,5999
西双版纳傣味园,102.71791999999999,25.02594,,,,,,,,,,,3,6746
双胞傣味菜馆,102.71754,25.02591,,,,,,,,,,,3,9132
人和缘饭店,102.71777,25.02593,,,,,,,,,,,3,15085
一佳造型,102.71855,25.025979999999997,,,,,,,,,,,3,17020
温州阿飞发廊,102.71803,25.02594,,,,,,,,,,,3,18973
昆明美眼专科,102.71862,25.0257,,,,,,,,,,,3,21489
官渡区太和社区卫生站,102.717066,25.025494,,,,,,,,,,,3,22901
前卫诊所,102.717896,25.025938,,,,,,,,,,,3,24174
金诚旅社,102.71761,25.02519,,,,,,,,,,,3,27036
前卫农家园草墩饭店,102.7177,25.02573,,,,,,,,,,,3,35788
西双版纳傣味园,102.71791999999999,25.02574,,,,,,,,,,,3,36535
双胞傣味菜馆,102.71754,25.02571,,,,,,,,,,,3,38921
人和缘饭店,102.71777,25.02573,,,,,,,,,,,3,44874
一佳造型,102.71855,25.025779999999997,,,,,,,,,,,3,46809
葆妍秀护肤中心,102.71688,25.02635,,,,,,,,,,,3,48335
温州阿飞发廊,102.71803,25.02574,,,,,,,,,,,3,48762
官渡区太和社区卫生站,102.717066,25.025294,,,,,,,,,,,3,52690
前卫诊所,102.717896,25.025738,,,,,,,,,,,3,53963
黄氏牛汤锅昆前路NO．2,102.71976,25.02601,,,,,,,,,,,3,5255
保山火瓢牛肉昆前店,102.71988,25.02603,,,,,,,,,,,3,5530
腾冲特色饵丝店,102.71916,25.02599,,,,,,,,,,,3,7171
哈尔滨饺子馆,102.71955,25.02575,,,,,,,,,,,3,9523
爱上鸡油饭,102.72054,25.02507,,,,,,,,,,,3,5238
昆明市螺狮湾日用商品市场布料交易区,102.721639,25.024879000000002,,,,,,,,,,,1,2972
康辉旅行社(北京路店),102.72131350000001,25.02487946,,,,,,,,,,,1,3310
六婆串串香火锅和平店,102.72251,25.02519,,,,,,,,,,,3,9084
天津包子小吃店,102.72205,25.024279999999997,,,,,,,,,,,3,10475
春悦酒店－餐厅,102.72251999999999,25.02501,,,,,,,,,,,3,12392
大厂肠旺米线NO．6,102.72251,25.02525,,,,,,,,,,,3,14510
好开心歌舞厅,102.72211999999999,25.02495,,,,,,,,,,,3,16672
健之佳健康药房,102.72246700000001,25.024686,,,,,,,,,,,3,22902
浙南商务酒店,102.72241,25.02469,,,,,,,,,,,3,26951
云南外贸大楼,102.72148,25.024929999999998,,,,,,,,,,,3,28650
中国银行环城南路支行,102.72166999999999,25.024729999999998,,,,,,,,,,,3,33158
六婆串串香火锅和平店,102.72251,25.02499,,,,,,,,,,,3,38873
天津包子小吃店,102.72205,25.024079999999998,,,,,,,,,,,3,40264
春悦酒店－餐厅,102.72251999999999,25.024810000000002,,,,,,,,,,,3,42181
大厂肠旺米线NO．6,102.72251,25.02505,,,,,,,,,,,3,44299
好开心歌舞厅,102.72211999999999,25.02475,,,,,,,,,,,3,46461
明珠商场,102.721538,25.025998,,,,,,,,,,,1,2467
冬东风味,102.72169,25.02638,,,,,,,,,,,3,5606
佳佳肥肠小火锅,102.72143,25.02618,,,,,,,,,,,3,5607
兄弟海鲜烧烤,102.72098000000001,25.02609,,,,,,,,,,,3,5608
福苑小吃,102.72169,25.02642,,,,,,,,,,,3,12887
正宗富源酸菜土猪脚火锅（和平村39分店）,102.7223,25.026229999999998,,,,,,,,,,,3,12888
东北亚饺子馆,102.72221,25.02665,,,,,,,,,,,3,14254
昆明正坤公众电脑屋,102.72126999999999,25.02586,,,,,,,,,,,3,16890
阿标发型工作室,102.72125,25.02674,,,,,,,,,,,3,17002
新一派专业烫染沙龙,102.72109,25.02586,,,,,,,,,,,3,18484
碧斯Sｐａ健康美疗馆,102.72169,25.02647,,,,,,,,,,,3,19117
焦·娇美人纤体,102.72195,25.02628,,,,,,,,,,,3,19118
大风发廊,102.72166999999999,25.02674,,,,,,,,,,,3,20822
温馨发艺会所,102.72242,25.02604,,,,,,,,,,,3,21947
冬东风味,102.72169,25.02618,,,,,,,,,,,3,35395
佳佳肥肠小火锅,102.72143,25.02598,,,,,,,,,,,3,35396
兄弟海鲜烧烤,102.72098000000001,25.02589,,,,,,,,,,,3,35397
布依泉水鸡,102.72188,25.02682,,,,,,,,,,,3,38866
知味缘火锅,102.72188,25.02682,,,,,,,,,,,3,39642
荣升园餐厅,102.72136,25.02679,,,,,,,,,,,3,40459
福苑小吃,102.72169,25.026220000000002,,,,,,,,,,,3,42676
正宗富源酸菜土猪脚火锅（和平村39分店）,102.7223,25.02603,,,,,,,,,,,3,42677
东北亚饺子馆,102.72221,25.02645,,,,,,,,,,,3,44043
老五经典美发会所,102.72242,25.02611,,,,,,,,,,,3,46026
昆明正坤公众电脑屋,102.72126999999999,25.025660000000002,,,,,,,,,,,3,46679
阿标发型工作室,102.72125,25.02654,,,,,,,,,,,3,46791
Yｅ发专业美发连锁和平店,102.72131999999999,25.02678,,,,,,,,,,,3,47091
新一派专业烫染沙龙,102.72109,25.025660000000002,,,,,,,,,,,3,48273
碧斯Sｐａ健康美疗馆,102.72169,25.02627,,,,,,,,,,,3,48906
焦·娇美人纤体,102.72195,25.02608,,,,,,,,,,,3,48907
有形有色专业烫染,102.72232,25.02647,,,,,,,,,,,3,49687
飞乐网城,102.72136,25.02679,,,,,,,,,,,3,50259
大风发廊,102.72166999999999,25.02654,,,,,,,,,,,3,50611
温馨发艺会所,102.72242,25.02584,,,,,,,,,,,3,51736
影都宾馆,102.7217,25.02679,,,,,,,,,,,3,57532
明珠商场,102.721538,25.026198,,,,,,,,,,,1,66688
Yｅ发专业美发连锁旗舰店,102.72245,25.025389999999998,,,,,,,,,,,3,49644
健之佳健康药房,102.72246700000001,25.024486,,,,,,,,,,,3,52691
V8商旅酒店,102.72247,25.02519,,,,,,,,,,,3,56536
浙南商务酒店,102.72241,25.02449,,,,,,,,,,,3,56740
云南外贸大楼,102.72148,25.024729999999998,,,,,,,,,,,3,58439
中国银行环城南路支行,102.72166999999999,25.02453,,,,,,,,,,,3,62947
昆明市螺狮湾日用商品市场布料交易区,102.721639,25.025079,,,,,,,,,,,1,67193
康辉旅行社(北京路店),102.72131350000001,25.02507946,,,,,,,,,,,1,67531
乐福居昆明NO．1,102.72054,25.02488,,,,,,,,,,,3,5239
好滋面点,102.72039000000001,25.02457,,,,,,,,,,,3,6357
国防宾馆餐厅,102.72028,25.02531,,,,,,,,,,,3,9687
聚谊斋,102.72029,25.02457,,,,,,,,,,,3,10296
好乐嘉休闲饮品,102.72041999999999,25.024579999999997,,,,,,,,,,,3,10438
万瑞快餐,102.72003000000001,25.02577,,,,,,,,,,,3,15259
昆湖温泉,102.72036,25.025779999999997,,,,,,,,,,,3,16673
太极足道,102.72048000000001,25.02479,,,,,,,,,,,3,19878
北京同仁堂,102.72035100000001,25.024576,,,,,,,,,,,3,22683
春天映象,102.71961999999999,25.02491,,,,,,,,,,,3,28699
中国民生银行昆明分行,102.71972,25.02492,,,,,,,,,,,3,33172
富滇银行ATM,102.72012,25.02457,,,,,,,,,,,3,33330
爱上鸡油饭,102.72054,25.02487,,,,,,,,,,,3,35027
乐福居昆明NO．1,102.72054,25.02468,,,,,,,,,,,3,35028
好滋面点,102.72039000000001,25.02437,,,,,,,,,,,3,36146
国防宾馆餐厅,102.72028,25.02511,,,,,,,,,,,3,39476
聚谊斋,102.72029,25.02437,,,,,,,,,,,3,40085
好乐嘉休闲饮品,102.72041999999999,25.024379999999997,,,,,,,,,,,3,40227
福建沙县特色小吃,102.7199,25.025570000000002,,,,,,,,,,,3,42766
正宗兰州风味手拉面,102.72018,25.02585,,,,,,,,,,,3,43461
万瑞快餐,102.72003000000001,25.025570000000002,,,,,,,,,,,3,45048
昆湖温泉,102.72036,25.025579999999998,,,,,,,,,,,3,46462
太极足道,102.72048000000001,25.02459,,,,,,,,,,,3,49667
剪约,102.72014,25.02584,,,,,,,,,,,3,51210
北京同仁堂,102.72035100000001,25.024376,,,,,,,,,,,3,52472
中国民生银行昆明分行,102.71972,25.024720000000002,,,,,,,,,,,3,62961
富滇银行ATM,102.72012,25.02437,,,,,,,,,,,3,63119
伊兴小吃,102.71919,25.026,,,,,,,,,,,3,12787
福建沙县特色小吃,102.7199,25.02577,,,,,,,,,,,3,12977
正宗兰州风味手拉面,102.72018,25.026049999999998,,,,,,,,,,,3,13672
邓氏羊肉火锅,102.71948,25.02575,,,,,,,,,,,3,14783
头等大事专业美发,102.71921999999999,25.02573,,,,,,,,,,,3,16638
格调美发专业烫染店,102.71986,25.02602,,,,,,,,,,,3,18851
泽泪足浴保健,102.71983,25.02602,,,,,,,,,,,3,18917
水韵温泉会所,102.71983,25.02602,,,,,,,,,,,3,19222
剪约,102.72014,25.02604,,,,,,,,,,,3,21421
夏威夷发廊,102.71911999999999,25.02599,,,,,,,,,,,3,22159
王医生诊所,102.719386,25.025754,,,,,,,,,,,3,25280
帮德酒店,102.71983,25.02602,,,,,,,,,,,3,27744
前卫旅社,102.71907,25.02599,,,,,,,,,,,3,27766
昆明市盘龙区司法大楼,102.71936,25.02601,,,,,,,,,,,3,28676
昆明市中衡公证处,102.71963199999999,25.026013,,,,,,,,,,,3,29110
昆明市云新幼儿园,102.718827,25.026011999999998,,,,,,,,,,,3,30518
黄氏牛汤锅昆前路NO．2,102.71976,25.02581,,,,,,,,,,,3,35044
保山火瓢牛肉昆前店,102.71988,25.02583,,,,,,,,,,,3,35319
腾冲特色饵丝店,102.71916,25.02579,,,,,,,,,,,3,36960
哈尔滨饺子馆,102.71955,25.02555,,,,,,,,,,,3,39312
伊兴小吃,102.71919,25.0258,,,,,,,,,,,3,42576
邓氏羊肉火锅,102.71948,25.02555,,,,,,,,,,,3,44572
头等大事专业美发,102.71921999999999,25.02553,,,,,,,,,,,3,46427
格调美发专业烫染店,102.71986,25.02582,,,,,,,,,,,3,48640
泽泪足浴保健,102.71983,25.02582,,,,,,,,,,,3,48706
水韵温泉会所,102.71983,25.02582,,,,,,,,,,,3,49011
夏威夷发廊,102.71911999999999,25.02579,,,,,,,,,,,3,51948
王医生诊所,102.719386,25.025554,,,,,,,,,,,3,55069
帮德酒店,102.71983,25.02582,,,,,,,,,,,3,57533
前卫旅社,102.71907,25.02579,,,,,,,,,,,3,57555
昆明市盘龙区司法大楼,102.71936,25.02581,,,,,,,,,,,3,58465
昆明市中衡公证处,102.71963199999999,25.025813,,,,,,,,,,,3,58899
昆明市云新幼儿园,102.718827,25.025812,,,,,,,,,,,3,60307
一心堂昆明昆前路连锁店,102.718742,25.025695000000002,,,,,,,,,,,3,25363
聚缘庄川菜酒楼,102.71880999999999,25.02551,,,,,,,,,,,3,43717
昆明美眼专科,102.71862,25.0255,,,,,,,,,,,3,51278
一心堂昆明昆前路连锁店,102.718742,25.025495000000003,,,,,,,,,,,3,55152
