name,longitude,latitude,phone,address,district,city,area,zipcodetype,datatype,date,creator,source,index
文丰便民医学诊所,102.732597,24.998541,,,,,,,,,,,3,25901
秀场平价自选烫染吧日新店,102.73147,24.99847,,,,,,,,,,,3,20045
沙县特色小吃日新农贸市场店,102.73031,24.99833,,,,,,,,,,,3,13579
昆阳人家农家菜,102.72918,24.99856,,,,,,,,,,,3,6351
丽江腊排骨昆明店,102.72909,24.99837,,,,,,,,,,,3,6352
正宗富源酸菜土猪脚火锅,102.72957,24.998179999999998,,,,,,,,,,,3,6804
实惠农家罐罐菜,102.73009,24.99839,,,,,,,,,,,3,9354
山里人家,102.72941,24.99846,,,,,,,,,,,3,10369
天香骨头庄,102.72913,24.99851,,,,,,,,,,,3,10474
韩国纸上烤肉馆,102.72935,24.998379999999997,,,,,,,,,,,3,10839
清真众兴园,102.72904,24.99849,,,,,,,,,,,3,11502
春城兰都,102.729105,24.99952,,,,,,,,,,,1,4324
三星金草墩总店,102.72910999999999,24.99991,,,,,,,,,,,3,11503
官渡园,102.729,24.9989,,,,,,,,,,,3,11825
网巨公众电脑屋,102.7288,24.9998,,,,,,,,,,,3,19298
仙汝美容院,102.7289,24.99906,,,,,,,,,,,3,19504
经典发艺,102.72904,24.99885,,,,,,,,,,,3,19566
小街(官南大道)公交站,102.72794499999999,24.998772,,,,,,,,,,,1,1623
交通银行ATM,102.72877,24.99926,,,,,,,,,,,3,33960
仙汝美容院,102.7289,24.99886,,,,,,,,,,,3,49293
交通银行ATM,102.72877,24.99906,,,,,,,,,,,3,63749
小街(官南大道)公交站,102.72794499999999,24.998972,,,,,,,,,,,1,65844
味道江湖NO．63,102.72894000000001,25.00031,,,,,,,,,,,3,36563
三星金草墩总店,102.72910999999999,24.99971,,,,,,,,,,,3,41292
官渡园,102.729,24.9987,,,,,,,,,,,3,41614
网巨公众电脑屋,102.7288,24.9996,,,,,,,,,,,3,49087
经典发艺,102.72904,24.99865,,,,,,,,,,,3,49355
大理文秀风味小吃,102.730426,24.999446,,,,,,,,,,,1,4250
铜锅洋芋饭,102.73034,24.998579999999997,,,,,,,,,,,3,9002
滋补罗非鱼庄日新店,102.73024000000001,24.99861,,,,,,,,,,,3,11113
回头客迷你沙龙,102.73118000000001,24.99908,,,,,,,,,,,3,19736
出发点发艺,102.73118000000001,24.99924,,,,,,,,,,,3,21689
随缘旅馆,102.72995,25.00006,,,,,,,,,,,3,26330
鑫豪客栈,102.72989,24.998720000000002,,,,,,,,,,,3,26566
聚缘宾馆,102.72995999999999,24.99871,,,,,,,,,,,3,27456
石屏县政府驻昆明办,102.731199,24.999629,,,,,,,,,,,3,29611
回头客迷你沙龙,102.73118000000001,24.99888,,,,,,,,,,,3,49525
出发点发艺,102.73118000000001,24.99904,,,,,,,,,,,3,51478
随缘旅馆,102.72995,24.99986,,,,,,,,,,,3,56119
石屏县政府驻昆明办,102.731199,24.999429,,,,,,,,,,,3,59400
大理文秀风味小吃,102.730426,24.999646,,,,,,,,,,,1,68471
春城兰都,102.729105,24.99972,,,,,,,,,,,1,68545
清汤泉水鸡关上店,102.72894000000001,24.99839,,,,,,,,,,,3,13802
会泽壮羊馆,102.72944,24.9985,,,,,,,,,,,3,15323
天地一网吧,102.72969,24.99847,,,,,,,,,,,3,20160
官渡区日新贤文门诊部,102.729558,24.998222,,,,,,,,,,,3,26145
昆阳人家农家菜,102.72918,24.99836,,,,,,,,,,,3,36140
丽江腊排骨昆明店,102.72909,24.998170000000002,,,,,,,,,,,3,36141
正宗富源酸菜土猪脚火锅,102.72957,24.99798,,,,,,,,,,,3,36593
山里人家,102.72941,24.998260000000002,,,,,,,,,,,3,40158
天香骨头庄,102.72913,24.99831,,,,,,,,,,,3,40263
韩国纸上烤肉馆,102.72935,24.998179999999998,,,,,,,,,,,3,40628
清真众兴园,102.72904,24.99829,,,,,,,,,,,3,41291
清汤泉水鸡关上店,102.72894000000001,24.99819,,,,,,,,,,,3,43591
会泽壮羊馆,102.72944,24.9983,,,,,,,,,,,3,45112
天地一网吧,102.72969,24.99827,,,,,,,,,,,3,49949
官渡区日新贤文门诊部,102.729558,24.998022,,,,,,,,,,,3,55934
鑫豪客栈,102.72989,24.998520000000003,,,,,,,,,,,3,56355
聚缘宾馆,102.72995999999999,24.99851,,,,,,,,,,,3,57245
建水家鑫小吃,102.73017,24.99836,,,,,,,,,,,3,14426
贵州独味乌江片片鱼昆明分店,102.73105,24.99844,,,,,,,,,,,3,14427
张氏中医推拿,102.73105,24.998,,,,,,,,,,,3,22392
益清平价大药房,102.730878,24.998426000000002,,,,,,,,,,,3,24239
顺兴招待所,102.73075,24.99846,,,,,,,,,,,3,26317
黄龙宾馆,102.73064000000001,24.99849,,,,,,,,,,,3,27037
锦都宾馆,102.73054,24.99854,,,,,,,,,,,3,27488
铜锅洋芋饭,102.73034,24.998379999999997,,,,,,,,,,,3,38791
实惠农家罐罐菜,102.73009,24.99819,,,,,,,,,,,3,39143
滋补罗非鱼庄日新店,102.73024000000001,24.99841,,,,,,,,,,,3,40902
沙县特色小吃日新农贸市场店,102.73031,24.99813,,,,,,,,,,,3,43368
建水家鑫小吃,102.73017,24.998160000000002,,,,,,,,,,,3,44215
贵州独味乌江片片鱼昆明分店,102.73105,24.99824,,,,,,,,,,,3,44216
张氏中医推拿,102.73105,24.9978,,,,,,,,,,,3,52181
益清平价大药房,102.730878,24.998226000000003,,,,,,,,,,,3,54028
顺兴招待所,102.73075,24.998260000000002,,,,,,,,,,,3,56106
黄龙宾馆,102.73064000000001,24.99829,,,,,,,,,,,3,56826
锦都宾馆,102.73054,24.99834,,,,,,,,,,,3,57277
集结号宾馆,102.7317,24.998479999999997,,,,,,,,,,,3,27117
秀场平价自选烫染吧日新店,102.73147,24.99827,,,,,,,,,,,3,49834
集结号宾馆,102.7317,24.998279999999998,,,,,,,,,,,3,56906
长欣滇味轩,102.73222,24.999789999999997,,,,,,,,,,,3,7451
日鑫园正宗富源酸菜猪脚火锅店,102.73316,24.99946,,,,,,,,,,,3,5397
贵州六盘水羊肉米线,102.73305,24.999039999999997,,,,,,,,,,,3,5829
积善之家农家园,102.73346,24.998639999999998,,,,,,,,,,,3,6902
兴月天麻火腿鸡,102.73263,24.99925,,,,,,,,,,,3,8709
重庆风味炒菜馆,102.73338000000001,24.99889,,,,,,,,,,,3,9233
牛羊肉火锅店武定分店,102.73323,24.999489999999998,,,,,,,,,,,3,11618
重庆川菜馆,102.73225,24.99931,,,,,,,,,,,3,12148
建水烧烤鸡脚王日新总店,102.73223,24.9997,,,,,,,,,,,3,15599
尚欧造型发型工作室,102.73222,24.99974,,,,,,,,,,,3,16109
合胜宾馆,102.73311,24.998739999999998,,,,,,,,,,,3,27298
怡都宾馆,102.73308,24.99948,,,,,,,,,,,3,27424
交通银行ATM,102.73361,24.99866,,,,,,,,,,,3,34134
日鑫园正宗富源酸菜猪脚火锅店,102.73316,24.99926,,,,,,,,,,,3,35186
贵州六盘水羊肉米线,102.73305,24.998839999999998,,,,,,,,,,,3,35618
长欣滇味轩,102.73222,24.999589999999998,,,,,,,,,,,3,37240
兴月天麻火腿鸡,102.73263,24.99905,,,,,,,,,,,3,38498
重庆风味炒菜馆,102.73338000000001,24.99869,,,,,,,,,,,3,39022
牛羊肉火锅店武定分店,102.73323,24.99929,,,,,,,,,,,3,41407
重庆川菜馆,102.73225,24.99911,,,,,,,,,,,3,41937
建水烧烤鸡脚王日新总店,102.73223,24.9995,,,,,,,,,,,3,45388
尚欧造型发型工作室,102.73222,24.99954,,,,,,,,,,,3,45898
怡都宾馆,102.73308,24.99928,,,,,,,,,,,3,57213
洪金润餐馆,102.73153,25.00009,,,,,,,,,,,3,11196
艺雅专业烫染店,102.7321,24.99937,,,,,,,,,,,3,17511
洪金润餐馆,102.73153,24.99989,,,,,,,,,,,3,40985
艺雅专业烫染店,102.7321,24.99917,,,,,,,,,,,3,47300
文丰便民医学诊所,102.732597,24.998341,,,,,,,,,,,3,55690
东方医院－门诊部,102.73337099999999,24.997726,,,,,,,,,,,3,22756
汇桥园,102.73373000000001,24.99867,,,,,,,,,,,3,12252
迎鑫住宿部,102.73277,24.998579999999997,,,,,,,,,,,3,27102
官渡区关上第二小学,102.733184,24.998102,,,,,,,,,,,3,31387
积善之家农家园,102.73346,24.99844,,,,,,,,,,,3,36691
汇桥园,102.73373000000001,24.99847,,,,,,,,,,,3,42041
合胜宾馆,102.73311,24.99854,,,,,,,,,,,3,57087
交通银行ATM,102.73361,24.99846,,,,,,,,,,,3,63923
东方医院－门诊部,102.73337099999999,24.997526,,,,,,,,,,,3,52545
迎鑫住宿部,102.73277,24.998379999999997,,,,,,,,,,,3,56891
官渡区关上第二小学,102.733184,24.997902,,,,,,,,,,,3,61176
