name,longitude,latitude,phone,address,district,city,area,zipcodetype,datatype,date,creator,source,index
芭蕉叶傣味小吃,102.85061,24.85141,,,,,,,,,,,3,6080
南方优乐自助餐厅,102.85124,24.85069,,,,,,,,,,,3,5163
汤火麻辣烫,102.85079,24.851399999999998,,,,,,,,,,,3,5373
红舵码头全国连锁时尚火锅主题餐厅,102.85181999999999,24.85136,,,,,,,,,,,3,5374
食和德,102.85104,24.851029999999998,,,,,,,,,,,3,5420
雨花寰球LUXURY酒店,102.849683,24.851056,,,,,,,,,,,2,453
果语茶客,102.85061,24.8512,,,,,,,,,,,3,5421
宣威菜馆,102.8495,24.851499999999998,,,,,,,,,,,3,6481
帅香居,102.85054000000001,24.851210000000002,,,,,,,,,,,3,7597
傣香淳,102.84966999999999,24.85148,,,,,,,,,,,3,8004
必来客,102.85016,24.85122,,,,,,,,,,,3,9816
呈贡羊蝎子火锅店,102.84997,24.85118,,,,,,,,,,,3,10208
明日小屋,102.85025,24.85137,,,,,,,,,,,3,14205
飘香旱鸭呈贡大学城店,102.84940999999999,24.851529999999997,,,,,,,,,,,3,14206
草墩酸菜鱼大学城分店,102.84959,24.85149,,,,,,,,,,,3,14942
妈妈煮特色小吃,102.85032,24.85137,,,,,,,,,,,3,14943
大东北,102.84971999999999,24.85148,,,,,,,,,,,3,15655
茗仕球时尚休闲吧,102.85044,24.851210000000002,,,,,,,,,,,3,16808
书香大地,102.8500543,24.85005631,,,,,,,,,,,2,345
猎人之林,102.85025999999999,24.85059,,,,,,,,,,,3,20534
娑滩酒吧,102.85004,24.85059,,,,,,,,,,,3,20535
后街KTV,102.85033,24.85086,,,,,,,,,,,3,21531
春天酒店,102.85013000000001,24.85042,,,,,,,,,,,3,27501
猎人之林,102.85025999999999,24.85039,,,,,,,,,,,3,50323
娑滩酒吧,102.85004,24.85039,,,,,,,,,,,3,50324
后街KTV,102.85033,24.85066,,,,,,,,,,,3,51320
春天酒店,102.85013000000001,24.85022,,,,,,,,,,,3,57290
书香大地,102.8500543,24.85025631,,,,,,,,,,,2,64566
光明达网吧,102.85054000000001,24.85142,,,,,,,,,,,3,21282
暗香酒吧,102.85049000000001,24.851210000000002,,,,,,,,,,,3,22192
果语茶客,102.85061,24.851,,,,,,,,,,,3,35210
芭蕉叶傣味小吃,102.85061,24.851210000000002,,,,,,,,,,,3,35869
章忆灌生态餐吧,102.85065,24.851210000000002,,,,,,,,,,,3,35870
宣威菜馆,102.8495,24.8513,,,,,,,,,,,3,36270
帅香居,102.85054000000001,24.851010000000002,,,,,,,,,,,3,37386
傣香淳,102.84966999999999,24.85128,,,,,,,,,,,3,37793
必来客,102.85016,24.851020000000002,,,,,,,,,,,3,39605
呈贡羊蝎子火锅店,102.84997,24.85098,,,,,,,,,,,3,39997
明日小屋,102.85025,24.85117,,,,,,,,,,,3,43994
飘香旱鸭呈贡大学城店,102.84940999999999,24.851329999999997,,,,,,,,,,,3,43995
草墩酸菜鱼大学城分店,102.84959,24.85129,,,,,,,,,,,3,44731
妈妈煮特色小吃,102.85032,24.85117,,,,,,,,,,,3,44732
大东北,102.84971999999999,24.85128,,,,,,,,,,,3,45444
茗仕球时尚休闲吧,102.85044,24.851010000000002,,,,,,,,,,,3,46597
光明达网吧,102.85054000000001,24.85122,,,,,,,,,,,3,51071
暗香酒吧,102.85049000000001,24.851010000000002,,,,,,,,,,,3,51981
雨花寰球LUXURY酒店,102.849683,24.851256,,,,,,,,,,,2,64674
巍山清真火瓢牛肉火锅,102.85089,24.85105,,,,,,,,,,,3,5613
重庆鸡公煲全国连锁店,102.85129,24.85138,,,,,,,,,,,3,5852
章忆灌生态餐吧,102.85065,24.85141,,,,,,,,,,,3,6081
呈贡益得小吃店,102.85073,24.85119,,,,,,,,,,,3,6236
诸葛烤鱼,102.85098,24.851399999999998,,,,,,,,,,,3,8002
千百味美食广场,102.85153000000001,24.85056,,,,,,,,,,,3,8022
斯利美休闲站,102.85108000000001,24.851020000000002,,,,,,,,,,,3,8245
屋顶花园主题餐厅,102.8509,24.851399999999998,,,,,,,,,,,3,8248
贵州水城老牌羊肉米线,102.85106,24.851399999999998,,,,,,,,,,,3,9817
朱朱小吃坊,102.85118,24.85117,,,,,,,,,,,3,10211
花溪王牛肉米线,102.85127,24.85074,,,,,,,,,,,3,11259
川魂帽牌货冒菜大学城加盟店,102.85081,24.851029999999998,,,,,,,,,,,3,11507
如家菜馆,102.85153000000001,24.85054,,,,,,,,,,,3,11733
老麻抄手,102.85121,24.85139,,,,,,,,,,,3,11862
火鸟吧,102.85084,24.851399999999998,,,,,,,,,,,3,15109
吉来轩闷闷香,102.85119,24.85139,,,,,,,,,,,3,15523
西安小吃,102.8509,24.851399999999998,,,,,,,,,,,3,15650
万兆网城,102.85132,24.85024,,,,,,,,,,,3,16291
花样年华,102.85125,24.85117,,,,,,,,,,,3,16787
靓仔亮专业形象店,102.85121,24.85097,,,,,,,,,,,3,16809
飞飞飞酒吧,102.85085,24.85119,,,,,,,,,,,3,18523
优乐迪KTV,102.85124,24.85069,,,,,,,,,,,3,18906
顶尚,102.85076,24.851399999999998,,,,,,,,,,,3,19877
SA创艺团队专业发型沙龙,102.85103000000001,24.851399999999998,,,,,,,,,,,3,21530
木羊网吧,102.85101,24.85118,,,,,,,,,,,3,21805
鸿博酒店,102.85129,24.85138,,,,,,,,,,,3,26537
优室商务酒店,102.85174,24.85135,,,,,,,,,,,3,27547
康润公寓,102.85095,24.851399999999998,,,,,,,,,,,3,27549
中国银行昆明市大学城支行,102.85138,24.850270000000002,,,,,,,,,,,3,33271
农村信用社ATM,102.85132,24.85105,,,,,,,,,,,3,33272
南方优乐自助餐厅,102.85124,24.85049,,,,,,,,,,,3,34952
汤火麻辣烫,102.85079,24.8512,,,,,,,,,,,3,35162
红舵码头全国连锁时尚火锅主题餐厅,102.85181999999999,24.85116,,,,,,,,,,,3,35163
食和德,102.85104,24.85083,,,,,,,,,,,3,35209
巍山清真火瓢牛肉火锅,102.85089,24.85085,,,,,,,,,,,3,35402
重庆鸡公煲全国连锁店,102.85129,24.85118,,,,,,,,,,,3,35641
呈贡益得小吃店,102.85073,24.85099,,,,,,,,,,,3,36025
诸葛烤鱼,102.85098,24.8512,,,,,,,,,,,3,37791
千百味美食广场,102.85153000000001,24.850360000000002,,,,,,,,,,,3,37811
斯利美休闲站,102.85108000000001,24.850820000000002,,,,,,,,,,,3,38034
屋顶花园主题餐厅,102.8509,24.8512,,,,,,,,,,,3,38037
贵州水城老牌羊肉米线,102.85106,24.8512,,,,,,,,,,,3,39606
朱朱小吃坊,102.85118,24.85097,,,,,,,,,,,3,40000
花溪王牛肉米线,102.85127,24.85054,,,,,,,,,,,3,41048
川魂帽牌货冒菜大学城加盟店,102.85081,24.85083,,,,,,,,,,,3,41296
如家菜馆,102.85153000000001,24.85034,,,,,,,,,,,3,41522
老麻抄手,102.85121,24.85119,,,,,,,,,,,3,41651
火鸟吧,102.85084,24.8512,,,,,,,,,,,3,44898
吉来轩闷闷香,102.85119,24.85119,,,,,,,,,,,3,45312
西安小吃,102.8509,24.8512,,,,,,,,,,,3,45439
万兆网城,102.85132,24.85004,,,,,,,,,,,3,46080
花样年华,102.85125,24.85097,,,,,,,,,,,3,46576
靓仔亮专业形象店,102.85121,24.85077,,,,,,,,,,,3,46598
飞飞飞酒吧,102.85085,24.85099,,,,,,,,,,,3,48312
优乐迪KTV,102.85124,24.85049,,,,,,,,,,,3,48695
顶尚,102.85076,24.8512,,,,,,,,,,,3,49666
SA创艺团队专业发型沙龙,102.85103000000001,24.8512,,,,,,,,,,,3,51319
木羊网吧,102.85101,24.85098,,,,,,,,,,,3,51594
鸿博酒店,102.85129,24.85118,,,,,,,,,,,3,56326
优室商务酒店,102.85174,24.85115,,,,,,,,,,,3,57336
康润公寓,102.85095,24.8512,,,,,,,,,,,3,57338
中国银行昆明市大学城支行,102.85138,24.850070000000002,,,,,,,,,,,3,63060
农村信用社ATM,102.85132,24.85085,,,,,,,,,,,3,63061
