name,longitude,latitude,phone,address,district,city,area,zipcodetype,datatype,date,creator,source,index
云南省骨伤学校附属医院（汤池医院）,103.042082,24.95883,,,,,,,,,,,3,53727
星期8,103.04321,24.95928,,,,,,,,,,,3,14026
万福烧烤,103.04295,24.9582,,,,,,,,,,,3,10432
家常菜饭店,103.04343,24.95726,,,,,,,,,,,3,5216
石林马肉馆,103.04305,24.957729999999998,,,,,,,,,,,3,5217
杨林闻老三酸菜鱼汤池店,103.04312,24.95786,,,,,,,,,,,3,7110
鑫顺饭店,103.04316999999999,24.9573,,,,,,,,,,,3,7950
一品锅麻辣坊川江鱼府,103.04333000000001,24.95678,,,,,,,,,,,3,10431
汤池人家,103.04338,24.956729999999997,,,,,,,,,,,3,10458
兄弟冒菜馆,103.04321,24.95694,,,,,,,,,,,3,12519
洪妹铜锅鱼,103.0432,24.956970000000002,,,,,,,,,,,3,12520
春满圆饭庄,103.04295,24.95731,,,,,,,,,,,3,13907
红兴园牛菜馆,103.04330999999999,24.9579,,,,,,,,,,,3,14956
头艺回发艺形象设计工作室,103.04316,24.957179999999997,,,,,,,,,,,3,21803
兰福温泉宾馆,103.04354000000001,24.95765,,,,,,,,,,,3,26357
全顺旅馆,103.04323000000001,24.95691,,,,,,,,,,,3,26801
家常菜饭店,103.04343,24.957060000000002,,,,,,,,,,,3,35005
石林马肉馆,103.04305,24.95753,,,,,,,,,,,3,35006
杨林闻老三酸菜鱼汤池店,103.04312,24.95766,,,,,,,,,,,3,36899
鑫顺饭店,103.04316999999999,24.9571,,,,,,,,,,,3,37739
一品锅麻辣坊川江鱼府,103.04333000000001,24.95658,,,,,,,,,,,3,40220
万福烧烤,103.04295,24.958000000000002,,,,,,,,,,,3,40221
汤池人家,103.04338,24.956529999999997,,,,,,,,,,,3,40247
兄弟冒菜馆,103.04321,24.95674,,,,,,,,,,,3,42308
洪妹铜锅鱼,103.0432,24.956770000000002,,,,,,,,,,,3,42309
春满圆饭庄,103.04295,24.95711,,,,,,,,,,,3,43696
红兴园牛菜馆,103.04330999999999,24.9577,,,,,,,,,,,3,44745
头艺回发艺形象设计工作室,103.04316,24.956979999999998,,,,,,,,,,,3,51592
兰福温泉宾馆,103.04354000000001,24.95745,,,,,,,,,,,3,56146
全顺旅馆,103.04323000000001,24.95671,,,,,,,,,,,3,56590
贵州凯里香草酸汤火锅城宜良总店汤池分店,103.04293,24.95881,,,,,,,,,,,3,10457
重庆小火锅,103.04285,24.95887,,,,,,,,,,,3,12521
鸿盛烧烤南羊烤麻鸭饭店,103.04281,24.958879999999997,,,,,,,,,,,3,12526
壹佳老字号灌汤包,103.04265,24.95856,,,,,,,,,,,3,12585
老草墩饭庄,103.04301,24.95903,,,,,,,,,,,3,15545
名流专业烫染沙龙,103.04301,24.95875,,,,,,,,,,,3,21204
茹艺足疗,103.04245,24.95879,,,,,,,,,,,3,22284
万福温泉山庄,103.04281999999999,24.958370000000002,,,,,,,,,,,3,27636
贵州凯里香草酸汤火锅城宜良总店汤池分店,103.04293,24.95861,,,,,,,,,,,3,40246
重庆小火锅,103.04285,24.95867,,,,,,,,,,,3,42310
鸿盛烧烤南羊烤麻鸭饭店,103.04281,24.958679999999998,,,,,,,,,,,3,42315
壹佳老字号灌汤包,103.04265,24.95836,,,,,,,,,,,3,42374
123　SMILE新鲜·咖啡·茶饮,103.04245,24.95893,,,,,,,,,,,3,44350
老草墩饭庄,103.04301,24.95883,,,,,,,,,,,3,45334
名流专业烫染沙龙,103.04301,24.95855,,,,,,,,,,,3,50993
御足轩,103.04305,24.95891,,,,,,,,,,,3,52072
茹艺足疗,103.04245,24.95859,,,,,,,,,,,3,52073
一心堂宜良汤池连锁NO．2,103.04245,24.958933,,,,,,,,,,,3,55522
万福温泉山庄,103.04281999999999,24.958170000000003,,,,,,,,,,,3,57425
杨老九烤鸭饭店,103.04353,24.960579999999997,,,,,,,,,,,3,7371
狗街老字号毛驴羊肉馆,103.04392,24.96023,,,,,,,,,,,3,10351
渔余鱼香园,103.04355,24.960479999999997,,,,,,,,,,,3,10433
黑山羊羊肉米线,103.04415999999999,24.95897,,,,,,,,,,,3,6433
紫瑞轩饭庄,103.04369,24.95954,,,,,,,,,,,3,6581
味美缘,103.04323000000001,24.95905,,,,,,,,,,,3,6721
张记农鲜园,103.04372,24.95965,,,,,,,,,,,3,6728
家和兴饭店,103.04326,24.95909,,,,,,,,,,,3,7111
大众快餐,103.04441,24.95871,,,,,,,,,,,3,10341
老三火锅店,103.04374,24.959770000000002,,,,,,,,,,,3,10460
正宗宜良猪脚米线,103.04460999999999,24.95897,,,,,,,,,,,3,11819
时成小灶,103.04369,24.959439999999997,,,,,,,,,,,3,12586
祥龙米线,103.04406,24.95897,,,,,,,,,,,3,13683
红红早餐,103.04468,24.958979999999997,,,,,,,,,,,3,14097
路丽美发康体会所,103.04335,24.9593,,,,,,,,,,,3,19448
永乐迪KTV量贩,103.04354000000001,24.95909,,,,,,,,,,,3,19449
豪庭KTV,103.04365,24.958679999999998,,,,,,,,,,,3,21641
段氏中西医康和门诊,103.043376,24.959405999999998,,,,,,,,,,,3,23709
黑山羊羊肉米线,103.04415999999999,24.95877,,,,,,,,,,,3,36222
紫瑞轩饭庄,103.04369,24.95934,,,,,,,,,,,3,36370
味美缘,103.04323000000001,24.95885,,,,,,,,,,,3,36510
张记农鲜园,103.04372,24.95945,,,,,,,,,,,3,36517
家和兴饭店,103.04326,24.95889,,,,,,,,,,,3,36900
大众快餐,103.04441,24.95851,,,,,,,,,,,3,40130
老三火锅店,103.04374,24.959570000000003,,,,,,,,,,,3,40249
正宗宜良猪脚米线,103.04460999999999,24.95877,,,,,,,,,,,3,41608
老胡羊肉馆,103.04381,24.95964,,,,,,,,,,,3,42311
时成小灶,103.04369,24.959239999999998,,,,,,,,,,,3,42375
祥龙米线,103.04406,24.95877,,,,,,,,,,,3,43472
星期8,103.04321,24.95908,,,,,,,,,,,3,43815
红红早餐,103.04468,24.958779999999997,,,,,,,,,,,3,43886
路丽美发康体会所,103.04335,24.9591,,,,,,,,,,,3,49237
永乐迪KTV量贩,103.04354000000001,24.95889,,,,,,,,,,,3,49238
豪庭KTV,103.04365,24.958479999999998,,,,,,,,,,,3,51430
段氏中西医康和门诊,103.043376,24.959206,,,,,,,,,,,3,53498
老胡羊肉馆,103.04381,24.95984,,,,,,,,,,,3,12522
野山药腊排骨,103.04355,24.96069,,,,,,,,,,,3,14957
春城烤肉店,103.0436,24.96079,,,,,,,,,,,3,14958
逸足康体中心,103.04418000000001,24.96118,,,,,,,,,,,3,17420
农家温泉,103.04359000000001,24.96012,,,,,,,,,,,3,27726
永遇乐酒楼,103.04488,24.96046,,,,,,,,,,,3,6582
东北水饺,103.04489000000001,24.96013,,,,,,,,,,,3,12524
丽江野山药腊排骨,103.04482,24.96119,,,,,,,,,,,3,14025
坤源宾馆,103.04483,24.96057,,,,,,,,,,,3,26548
福辰公寓,103.04486999999999,24.9602,,,,,,,,,,,3,26549
福东来快捷酒店,103.04485,24.96066,,,,,,,,,,,3,26794
鸿翠宾馆,103.04483,24.96132,,,,,,,,,,,3,26795
阳季宾馆,103.04481,24.96111,,,,,,,,,,,3,27565
豪归旅馆,103.04483,24.96077,,,,,,,,,,,3,27566
腾源雅居,103.04468,24.96012,,,,,,,,,,,3,27694
宜良县工商局汤池分局,103.043999,24.960438,,,,,,,,,,,3,29512
永遇乐酒楼,103.04488,24.96026,,,,,,,,,,,3,36371
东北水饺,103.04489000000001,24.95993,,,,,,,,,,,3,42313
隆丰园火锅城,103.0452,24.96125,,,,,,,,,,,3,43074
丽江野山药腊排骨,103.04482,24.96099,,,,,,,,,,,3,43814
红林农庄,103.04459,24.96116,,,,,,,,,,,3,45305
逸足康体中心,103.04418000000001,24.96098,,,,,,,,,,,3,47209
坤源宾馆,103.04483,24.96037,,,,,,,,,,,3,56337
福辰公寓,103.04486999999999,24.96,,,,,,,,,,,3,56338
福东来快捷酒店,103.04485,24.96046,,,,,,,,,,,3,56583
鸿翠宾馆,103.04483,24.96112,,,,,,,,,,,3,56584
阳季宾馆,103.04481,24.960910000000002,,,,,,,,,,,3,57354
豪归旅馆,103.04483,24.96057,,,,,,,,,,,3,57355
腾源雅居,103.04468,24.95992,,,,,,,,,,,3,57483
宜良县工商局汤池分局,103.043999,24.960238,,,,,,,,,,,3,59301
中国平安财产保险,103.04371,24.96125,,,,,,,,,,,3,34244
杨老九烤鸭饭店,103.04353,24.960379999999997,,,,,,,,,,,3,37160
狗街老字号毛驴羊肉馆,103.04392,24.96003,,,,,,,,,,,3,40140
渔余鱼香园,103.04355,24.960279999999997,,,,,,,,,,,3,40222
野山药腊排骨,103.04355,24.96049,,,,,,,,,,,3,44746
春城烤肉店,103.0436,24.96059,,,,,,,,,,,3,44747
农家温泉,103.04359000000001,24.95992,,,,,,,,,,,3,57515
中国平安财产保险,103.04371,24.96105,,,,,,,,,,,3,64033
123　SMILE新鲜·咖啡·茶饮,103.04245,24.95913,,,,,,,,,,,3,14561
御足轩,103.04305,24.95911,,,,,,,,,,,3,22283
一心堂宜良汤池连锁NO．2,103.04245,24.959132999999998,,,,,,,,,,,3,25733
