name,longitude,latitude,phone,address,district,city,area,zipcodetype,datatype,date,creator,source,index
宏仁新村医疗门诊,102.76605500000001,24.937837,,,,,,,,,,,3,23583
盛鑫川味园,102.76671999999999,24.938589999999998,,,,,,,,,,,3,12514
宏仁川菜馆,102.76552,24.93863,,,,,,,,,,,3,5335
特色江湖菜,102.76626,24.93902,,,,,,,,,,,3,5523
荣齐秘制烤鱼,102.76595999999999,24.938299999999998,,,,,,,,,,,3,6116
鸿运私房菜馆,102.76639,24.93861,,,,,,,,,,,3,6388
东北源饺子馆,102.76515,24.93873,,,,,,,,,,,3,6389
重庆红满堂鱼火锅,102.76603,24.9391,,,,,,,,,,,3,6645
兄弟美食酸萝卜乌江鱼庄,102.76614000000001,24.938129999999997,,,,,,,,,,,3,6667
昭通天麻火腿鸡清汤羊肉,102.76558,24.93814,,,,,,,,,,,3,7009
乐山大众串串香NO．8,102.76586,24.938489999999998,,,,,,,,,,,3,7106
野山药火腿鸡风干腊排骨火锅城宏仁新村店,102.76571,24.93848,,,,,,,,,,,3,8066
兔当家鱼做主,102.76515,24.93848,,,,,,,,,,,3,9124
名流园,102.76602,24.93875,,,,,,,,,,,3,9778
好地方特色烧烤,102.76586999999999,24.939149999999998,,,,,,,,,,,3,10937
富源酸菜脆皮土猪脚,102.76613,24.93887,,,,,,,,,,,3,12803
佳美饭店,102.76526,24.93883,,,,,,,,,,,3,13255
杨记重庆鲜面王宏仁新村NO．12,102.76571,24.93901,,,,,,,,,,,3,13910
宣威杀猪饭,102.76628000000001,24.93854,,,,,,,,,,,3,14415
新祥鹏园饭店,102.7651,24.938670000000002,,,,,,,,,,,3,15108
老成都张福记食府,102.76547,24.93904,,,,,,,,,,,3,15265
老四川酸萝卜乌江鱼,102.76491999999999,24.9385,,,,,,,,,,,3,15348
金色阳光网吧,102.76579,24.93939,,,,,,,,,,,3,16182
御颜美容养生会所宏仁村店,102.76583000000001,24.93818,,,,,,,,,,,3,16652
宏仁足疗,102.76599,24.93906,,,,,,,,,,,3,16810
兰黛之谜美容养生馆,102.76564,24.938399999999998,,,,,,,,,,,3,16997
勋源养生,102.76616999999999,24.93892,,,,,,,,,,,3,17405
广州艺人发室,102.7661,24.93916,,,,,,,,,,,3,17474
纤艺美容美发会所,102.76637,24.93887,,,,,,,,,,,3,17495
温州美度造型,102.76569,24.939,,,,,,,,,,,3,20259
领先发型工作室,102.7655,24.9388,,,,,,,,,,,3,20264
维纳丝美发·沙龙,102.76543000000001,24.93874,,,,,,,,,,,3,21847
新亚洲社区卫生服务站,102.765823,24.939477,,,,,,,,,,,3,23730
圆梦宾馆,102.7652,24.93852,,,,,,,,,,,3,26361
郑阳招待所,102.76605,24.938779999999998,,,,,,,,,,,3,26362
宏仁社区幼儿园,102.765498,24.937784,,,,,,,,,,,3,32815
宏仁川菜馆,102.76552,24.93843,,,,,,,,,,,3,35124
特色江湖菜,102.76626,24.93882,,,,,,,,,,,3,35312
荣齐秘制烤鱼,102.76595999999999,24.9381,,,,,,,,,,,3,35905
鸿运私房菜馆,102.76639,24.93841,,,,,,,,,,,3,36177
东北源饺子馆,102.76515,24.93853,,,,,,,,,,,3,36178
重庆红满堂鱼火锅,102.76603,24.9389,,,,,,,,,,,3,36434
兄弟美食酸萝卜乌江鱼庄,102.76614000000001,24.937929999999998,,,,,,,,,,,3,36456
昭通天麻火腿鸡清汤羊肉,102.76558,24.93794,,,,,,,,,,,3,36798
乐山大众串串香NO．8,102.76586,24.93829,,,,,,,,,,,3,36895
野山药火腿鸡风干腊排骨火锅城宏仁新村店,102.76571,24.93828,,,,,,,,,,,3,37855
兔当家鱼做主,102.76515,24.93828,,,,,,,,,,,3,38913
名流园,102.76602,24.93855,,,,,,,,,,,3,39567
好地方特色烧烤,102.76586999999999,24.93895,,,,,,,,,,,3,40726
富源酸菜脆皮土猪脚,102.76613,24.938670000000002,,,,,,,,,,,3,42592
佳美饭店,102.76526,24.93863,,,,,,,,,,,3,43044
杨记重庆鲜面王宏仁新村NO．12,102.76571,24.93881,,,,,,,,,,,3,43699
宣威杀猪饭,102.76628000000001,24.93834,,,,,,,,,,,3,44204
新祥鹏园饭店,102.7651,24.938470000000002,,,,,,,,,,,3,44897
老成都张福记食府,102.76547,24.93884,,,,,,,,,,,3,45054
老四川酸萝卜乌江鱼,102.76491999999999,24.9383,,,,,,,,,,,3,45137
金色阳光网吧,102.76579,24.93919,,,,,,,,,,,3,45971
御颜美容养生会所宏仁村店,102.76583000000001,24.93798,,,,,,,,,,,3,46441
宏仁足疗,102.76599,24.938860000000002,,,,,,,,,,,3,46599
兰黛之谜美容养生馆,102.76564,24.9382,,,,,,,,,,,3,46786
勋源养生,102.76616999999999,24.93872,,,,,,,,,,,3,47194
广州艺人发室,102.7661,24.93896,,,,,,,,,,,3,47263
纤艺美容美发会所,102.76637,24.938670000000002,,,,,,,,,,,3,47284
温州美度造型,102.76569,24.9388,,,,,,,,,,,3,50048
领先发型工作室,102.7655,24.9386,,,,,,,,,,,3,50053
维纳丝美发·沙龙,102.76543000000001,24.93854,,,,,,,,,,,3,51636
新亚洲社区卫生服务站,102.765823,24.939277,,,,,,,,,,,3,53519
圆梦宾馆,102.7652,24.93832,,,,,,,,,,,3,56150
郑阳招待所,102.76605,24.938579999999998,,,,,,,,,,,3,56151
湖北风味饭店,102.76653,24.93844,,,,,,,,,,,3,15290
阿龙形象工作室,102.76664,24.93852,,,,,,,,,,,3,19203
金太阳漂亮百分百烫染会所,102.76685,24.938470000000002,,,,,,,,,,,3,19375
冰艺造型形象设计中心,102.76661,24.9385,,,,,,,,,,,3,21731
怀德仁药房,102.76621899999999,24.937943999999998,,,,,,,,,,,3,23582
玉美宾馆,102.76658,24.938470000000002,,,,,,,,,,,3,26981
盛鑫川味园,102.76671999999999,24.93839,,,,,,,,,,,3,42303
湖北风味饭店,102.76653,24.93824,,,,,,,,,,,3,45079
阿龙形象工作室,102.76664,24.93832,,,,,,,,,,,3,48992
冰艺造型形象设计中心,102.76661,24.9383,,,,,,,,,,,3,51520
玉美宾馆,102.76658,24.938270000000003,,,,,,,,,,,3,56770
怀德仁药房,102.76621899999999,24.937744,,,,,,,,,,,3,53371
宏仁新村医疗门诊,102.76605500000001,24.937637,,,,,,,,,,,3,53372
宏仁社区幼儿园,102.765498,24.937584,,,,,,,,,,,3,62604
