name,longitude,latitude,phone,address,district,city,area,zipcodetype,datatype,date,creator,source,index
百大新天地,102.70943929999999,25.03680194,,,,,,,,,,,1,4503
南屏步行街,102.7102531,25.03627587,,,,,,,,,,,1,2435
鱼美人,102.70955,25.036739999999998,,,,,,,,,,,3,7000
宝贝豆食尚餐厅,102.70955,25.036739999999998,,,,,,,,,,,3,7470
都可茶饮全球连锁NO．1566,102.70955,25.036739999999998,,,,,,,,,,,3,10426
齐来锅,102.70955,25.036739999999998,,,,,,,,,,,3,12114
荷叶香阁,102.70955,25.036739999999998,,,,,,,,,,,3,12300
悦己港式火锅料理,102.70955,25.036739999999998,,,,,,,,,,,3,12479
江湖一碗,102.71063000000001,25.03622,,,,,,,,,,,3,12867
蜜兔,102.70955,25.036739999999998,,,,,,,,,,,3,13031
优格沃,102.70955,25.036739999999998,,,,,,,,,,,3,13056
莱茵春天自助餐厅百大店,102.70955,25.036739999999998,,,,,,,,,,,3,14579
本埠釜山料理,102.70955,25.036739999999998,,,,,,,,,,,3,15198
昆明快乐世界游戏室,102.70955,25.036739999999998,,,,,,,,,,,3,17188
悦空间,102.70955,25.036739999999998,,,,,,,,,,,3,17785
云南白药大药房南屏健康广场,102.710422,25.036498,,,,,,,,,,,3,22887
怡雅阳光连锁酒店南屏时代店,102.71096999999999,25.036189999999998,,,,,,,,,,,3,26774
西南温泉游泳馆,102.710112,25.03521,,,,,,,,,,,1,1731
云南省建设工程招标投标行业协会,102.708865,25.035724,,,,,,,,,,,1,993
昆明新纪元大酒店,102.7094421,25.03544998,,,,,,,,,,,1,2854
云中乐园咖啡茶坊,102.708557,25.034561,,,,,,,,,,,1,850
西昌花园,102.70919599999999,25.033949,,,,,,,,,,,1,1753
纽芝兰,102.7080612,25.03466034,,,,,,,,,,,1,2399
昆明市西山区工人新村小学,102.708877,25.033885,,,,,,,,,,,1,2932
昆房置换大厦,102.709415,25.034142000000003,,,,,,,,,,,1,3271
好吃坊美食,102.707959,25.034563000000002,,,,,,,,,,,1,3789
查理布朗咖啡店(王府井店),102.7078542,25.03507438,,,,,,,,,,,1,4393
安康社区,102.708377,25.035018,,,,,,,,,,,1,4545
Fullcupcafe,102.7082962,25.03539988,,,,,,,,,,,1,4605
酷姆思顺城豪庭店,102.70824,25.03535,,,,,,,,,,,3,10733
伊兰堡小刀鸭,102.70826,25.03514,,,,,,,,,,,3,12960
托尼·盖专业美发,102.70825,25.03529,,,,,,,,,,,3,16377
丝语,102.70919,25.03427,,,,,,,,,,,3,18427
梦媛贵族尊尚SPA私人会所,102.70799,25.0347,,,,,,,,,,,3,18471
卡诗造型,102.70919,25.03446,,,,,,,,,,,3,20875
迅·妍美容美体SPA馆,102.70824,25.03494,,,,,,,,,,,3,21834
富滇银行ATM,102.70931999999999,25.03409,,,,,,,,,,,3,33477
酷姆思顺城豪庭店,102.70824,25.03515,,,,,,,,,,,3,40522
伊兰堡小刀鸭,102.70826,25.03494,,,,,,,,,,,3,42749
德清园映江楼,102.7085,25.03545,,,,,,,,,,,3,43211
托尼·盖专业美发,102.70825,25.03509,,,,,,,,,,,3,46166
丝语,102.70919,25.03407,,,,,,,,,,,3,48216
梦媛贵族尊尚SPA私人会所,102.70799,25.0345,,,,,,,,,,,3,48260
卡诗造型,102.70919,25.03426,,,,,,,,,,,3,50664
迅·妍美容美体SPA馆,102.70824,25.03474,,,,,,,,,,,3,51623
华山眼科医院,102.70949399999999,25.034742,,,,,,,,,,,3,55416
兴业银行昆明祥云支行,102.70824,25.035339999999998,,,,,,,,,,,3,63139
云中乐园咖啡茶坊,102.708557,25.034761,,,,,,,,,,,1,65071
西昌花园,102.70919599999999,25.034149,,,,,,,,,,,1,65974
纽芝兰,102.7080612,25.034860339999998,,,,,,,,,,,1,66620
昆明市西山区工人新村小学,102.708877,25.034085,,,,,,,,,,,1,67153
昆房置换大厦,102.709415,25.034342000000002,,,,,,,,,,,1,67492
好吃坊美食,102.707959,25.034763,,,,,,,,,,,1,68010
安康社区,102.708377,25.035218,,,,,,,,,,,1,68766
哈鲜族木瓜牛奶鲜果吧,102.70900999999999,25.03631,,,,,,,,,,,3,5475
润生活甜品,102.7089,25.035639999999997,,,,,,,,,,,3,6241
拾味馆昆明顺城店,102.70841,25.03637,,,,,,,,,,,3,7579
Sｔｉｃｋ　ｈｏｕｓｅ,102.708,25.03572,,,,,,,,,,,3,11885
味彩,102.70841,25.03637,,,,,,,,,,,3,12882
德清园映江楼,102.7085,25.03565,,,,,,,,,,,3,13422
云阿姨,102.70841,25.03565,,,,,,,,,,,3,14478
找茶,102.708,25.03572,,,,,,,,,,,3,15111
香港多果兮,102.70902,25.036279999999998,,,,,,,,,,,3,15343
KOO香港国际连锁沙龙昆明店,102.70841,25.03637,,,,,,,,,,,3,22261
云之行天柏酒店,102.7093,25.03596,,,,,,,,,,,3,26731
云上四季连锁酒店百大店,102.7093,25.03596,,,,,,,,,,,3,27080
昆明市五华区广电局,102.707995,25.035504,,,,,,,,,,,3,28754
中国农业银行三市街支行,102.70979,25.03578,,,,,,,,,,,3,33153
兴业银行昆明祥云支行,102.70824,25.035539999999997,,,,,,,,,,,3,33350
云南省农村信用社ATM,102.70916,25.03569,,,,,,,,,,,3,33940
哈鲜族木瓜牛奶鲜果吧,102.70900999999999,25.03611,,,,,,,,,,,3,35264
润生活甜品,102.7089,25.035439999999998,,,,,,,,,,,3,36030
安薇塔英国茶屋,102.70818,25.036270000000002,,,,,,,,,,,3,36238
易道旺饺,102.70818,25.036270000000002,,,,,,,,,,,3,36431
摩提工房,102.70818,25.036270000000002,,,,,,,,,,,3,36432
BASIL　CAFE＆BISTRO,102.70818,25.036270000000002,,,,,,,,,,,3,36543
南洋小厨,102.70818,25.036270000000002,,,,,,,,,,,3,36692
INCEPTION,102.70818,25.036270000000002,,,,,,,,,,,3,36693
曼谷干锅,102.70818,25.036270000000002,,,,,,,,,,,3,36829
屋企汤馆港式茶餐厅,102.70818,25.036270000000002,,,,,,,,,,,3,37220
个人煮艺,102.70818,25.036270000000002,,,,,,,,,,,3,37221
糖的逻辑,102.70818,25.036270000000002,,,,,,,,,,,3,37222
拾味馆昆明顺城店,102.70841,25.036170000000002,,,,,,,,,,,3,37368
一休快乐牛排,102.70818,25.036270000000002,,,,,,,,,,,3,38193
JUICEFORLIFE,102.70818,25.036270000000002,,,,,,,,,,,3,38380
屋里憩韩国烤肉,102.70818,25.036270000000002,,,,,,,,,,,3,38792
拿渡麻辣香锅顺城店,102.70818,25.036270000000002,,,,,,,,,,,3,38849
莱茵春天西餐厅顺城店,102.70818,25.036270000000002,,,,,,,,,,,3,38850
便所主题餐厅,102.70818,25.036270000000002,,,,,,,,,,,3,39545
喜宴法式越南料理,102.70818,25.036270000000002,,,,,,,,,,,3,41547
杰克叔叔,102.70818,25.036270000000002,,,,,,,,,,,3,41550
Sｔｉｃｋ　ｈｏｕｓｅ,102.708,25.03552,,,,,,,,,,,3,41674
吉鼎顺美食广场,102.70818,25.036270000000002,,,,,,,,,,,3,42250
冰优乐,102.70818,25.036270000000002,,,,,,,,,,,3,42336
快乐柠檬,102.70818,25.036270000000002,,,,,,,,,,,3,42367
花时间,102.70818,25.036270000000002,,,,,,,,,,,3,42527
味彩,102.70841,25.036170000000002,,,,,,,,,,,3,42671
57道味港式铁板烧,102.70818,25.036270000000002,,,,,,,,,,,3,43038
云阿姨,102.70841,25.03545,,,,,,,,,,,3,44267
和米堂,102.70818,25.036270000000002,,,,,,,,,,,3,44487
茗记甜品,102.70818,25.036270000000002,,,,,,,,,,,3,44488
MAGIC　FACTORY,102.70818,25.036270000000002,,,,,,,,,,,3,44515
可可西米,102.70818,25.036270000000002,,,,,,,,,,,3,44641
找茶,102.708,25.03552,,,,,,,,,,,3,44900
乐市日本料理,102.70818,25.036270000000002,,,,,,,,,,,3,44912
杯子布丁,102.70818,25.036270000000002,,,,,,,,,,,3,44913
香港多果兮,102.70902,25.03608,,,,,,,,,,,3,45132
爱乐游,102.70818,25.036270000000002,,,,,,,,,,,3,46556
昱鑫百吉游乐公园,102.70818,25.036270000000002,,,,,,,,,,,3,47371
LOTION　SPA,102.70818,25.036270000000002,,,,,,,,,,,3,47732
百老汇影城IMAX影厅,102.70818,25.036270000000002,,,,,,,,,,,3,48016
山石久度撞球吧,102.70818,25.036270000000002,,,,,,,,,,,3,48444
水美集美妍会所,102.70818,25.036270000000002,,,,,,,,,,,3,49657
PRIME酒吧,102.70818,25.036270000000002,,,,,,,,,,,3,50672
爱尚美颜,102.70818,25.036270000000002,,,,,,,,,,,3,51084
佰草童话,102.70818,25.036270000000002,,,,,,,,,,,3,51095
丝宇名妆,102.70818,25.036270000000002,,,,,,,,,,,3,51183
胡润形象公社,102.70818,25.036270000000002,,,,,,,,,,,3,51544
KOO香港国际连锁沙龙昆明店,102.70841,25.036170000000002,,,,,,,,,,,3,52050
云之行天柏酒店,102.7093,25.03576,,,,,,,,,,,3,56520
云上四季连锁酒店百大店,102.7093,25.03576,,,,,,,,,,,3,56869
昆明市五华区广电局,102.707995,25.035304,,,,,,,,,,,3,58543
中国农业银行三市街支行,102.70979,25.03558,,,,,,,,,,,3,62942
云南省农村信用社ATM,102.70916,25.03549,,,,,,,,,,,3,63729
云南省建设工程招标投标行业协会,102.708865,25.035923999999998,,,,,,,,,,,1,65214
昆明新纪元大酒店,102.7094421,25.03564998,,,,,,,,,,,1,67075
Fullcupcafe,102.7082962,25.03559988,,,,,,,,,,,1,68826
澳门豆捞 西昌路店,102.710371,25.034979,,,,,,,,,,,1,4529
大赤门国际美食自助餐厅,102.71105,25.0355,,,,,,,,,,,3,5262
肯德基柏联店,102.71011,25.03497,,,,,,,,,,,3,5526
紫悦轩海鲜火锅,102.71105,25.0355,,,,,,,,,,,3,6905
摩堤工坊,102.71105,25.0355,,,,,,,,,,,3,10442
和黄记港式饮品店,102.71061999999999,25.03502,,,,,,,,,,,3,11278
麦菲尔,102.71105,25.0355,,,,,,,,,,,3,12374
成记餐厅,102.71105,25.0355,,,,,,,,,,,3,12881
天津一绝灌汤小笼包,102.70961,25.03492,,,,,,,,,,,3,15295
植美美容SPA,102.71105,25.0355,,,,,,,,,,,3,15957
探奇乐园,102.71105,25.0355,,,,,,,,,,,3,16922
英国汤尼英盖美发,102.71105,25.0355,,,,,,,,,,,3,20549
迪美生健身会所,102.71105,25.0355,,,,,,,,,,,3,20843
型型·色色发型创绎,102.71105,25.0355,,,,,,,,,,,3,21414
叶建军发型,102.71105,25.0355,,,,,,,,,,,3,21415
思妍丽SPA,102.71105,25.0355,,,,,,,,,,,3,22029
一心堂昆明三市街连锁店,102.70965600000001,25.034682999999998,,,,,,,,,,,3,23545
华山眼科医院,102.70949399999999,25.034942,,,,,,,,,,,3,25627
益珑大厦B座,102.70971,25.034529999999997,,,,,,,,,,,3,28574
新东方学校泡泡少儿教育,102.710503,25.034745,,,,,,,,,,,3,31227
交通银行柏联支行,102.71055,25.035999999999998,,,,,,,,,,,3,33011
大赤门国际美食自助餐厅,102.71105,25.0353,,,,,,,,,,,3,35051
肯德基柏联店,102.71011,25.03477,,,,,,,,,,,3,35315
紫悦轩海鲜火锅,102.71105,25.0353,,,,,,,,,,,3,36694
摩堤工坊,102.71105,25.0353,,,,,,,,,,,3,40231
和黄记港式饮品店,102.71061999999999,25.03482,,,,,,,,,,,3,41067
麦菲尔,102.71105,25.0353,,,,,,,,,,,3,42163
成记餐厅,102.71105,25.0353,,,,,,,,,,,3,42670
天津一绝灌汤小笼包,102.70961,25.03472,,,,,,,,,,,3,45084
植美美容SPA,102.71105,25.0353,,,,,,,,,,,3,45746
探奇乐园,102.71105,25.0353,,,,,,,,,,,3,46711
英国汤尼英盖美发,102.71105,25.0353,,,,,,,,,,,3,50338
迪美生健身会所,102.71105,25.0353,,,,,,,,,,,3,50632
型型·色色发型创绎,102.71105,25.0353,,,,,,,,,,,3,51203
叶建军发型,102.71105,25.0353,,,,,,,,,,,3,51204
思妍丽SPA,102.71105,25.0353,,,,,,,,,,,3,51818
一心堂昆明三市街连锁店,102.70965600000001,25.034482999999998,,,,,,,,,,,3,53334
新东方学校泡泡少儿教育,102.710503,25.034545,,,,,,,,,,,3,61016
交通银行柏联支行,102.71055,25.0358,,,,,,,,,,,3,62800
西南温泉游泳馆,102.710112,25.03541,,,,,,,,,,,1,65952
澳门豆捞 西昌路店,102.710371,25.035179,,,,,,,,,,,1,68750
鱼美人,102.70955,25.03654,,,,,,,,,,,3,36789
宝贝豆食尚餐厅,102.70955,25.03654,,,,,,,,,,,3,37259
都可茶饮全球连锁NO．1566,102.70955,25.03654,,,,,,,,,,,3,40215
齐来锅,102.70955,25.03654,,,,,,,,,,,3,41903
荷叶香阁,102.70955,25.03654,,,,,,,,,,,3,42089
悦己港式火锅料理,102.70955,25.03654,,,,,,,,,,,3,42268
江湖一碗,102.71063000000001,25.03602,,,,,,,,,,,3,42656
蜜兔,102.70955,25.03654,,,,,,,,,,,3,42820
优格沃,102.70955,25.03654,,,,,,,,,,,3,42845
莱茵春天自助餐厅百大店,102.70955,25.03654,,,,,,,,,,,3,44368
本埠釜山料理,102.70955,25.03654,,,,,,,,,,,3,44987
昆明快乐世界游戏室,102.70955,25.03654,,,,,,,,,,,3,46977
悦空间,102.70955,25.03654,,,,,,,,,,,3,47574
云南白药大药房南屏健康广场,102.710422,25.036298000000002,,,,,,,,,,,3,52676
怡雅阳光连锁酒店南屏时代店,102.71096999999999,25.035989999999998,,,,,,,,,,,3,56563
中国工商银行ATM,102.71110999999999,25.03666,,,,,,,,,,,3,63338
南屏步行街,102.7102531,25.03647587,,,,,,,,,,,1,66656
中国兰州牛肉拉面,102.7088,25.03709,,,,,,,,,,,3,8776
哈根达斯昆百大店,102.70929,25.03681,,,,,,,,,,,3,9308
快而佳自选小碗菜NO．1,102.70908,25.03689,,,,,,,,,,,3,9384
城市花园正义店,102.70976479999999,25.037995600000002,,,,,,,,,,,1,4360
caffé bene,102.7094227,25.03823378,,,,,,,,,,,1,4615
季季红火锅NO．6,102.7095,25.038279999999997,,,,,,,,,,,3,5805
南城清真寺餐厅,102.70966999999999,25.037770000000002,,,,,,,,,,,3,6828
中国建设银行昆明金碧路支行,102.70968,25.039404,,,,,,,,,,,1,747
正义坊购物中心,102.7102449,25.040116100000002,,,,,,,,,,,1,808
时代广场,102.710337,25.039968,,,,,,,,,,,1,2143
靖国大厦,102.7097,25.039374,,,,,,,,,,,1,3357
桥香园正义坊店,102.70974,25.03902,,,,,,,,,,,3,5271
卡芭纳·意大利餐厅,102.70974,25.03902,,,,,,,,,,,3,5414
麦当劳光华店,102.70943,25.03999,,,,,,,,,,,3,7589
德克士新景星餐厅,102.70973000000001,25.03851,,,,,,,,,,,3,7686
Dａｉｒｙ　Qｕｅｅｎ昆明景星店,102.70938000000001,25.038639999999997,,,,,,,,,,,3,8450
叶妈妈小馆,102.70974,25.03902,,,,,,,,,,,3,8962
斗牛士牛排餐厅昆明店,102.70974,25.03902,,,,,,,,,,,3,9662
棒！约翰比萨昆明正义坊餐厅,102.7094,25.03872,,,,,,,,,,,3,11124
大瀚法式铁板烧,102.70974,25.03902,,,,,,,,,,,3,11246
禾太郎寿司,102.70974,25.03902,,,,,,,,,,,3,11653
混合动力,102.70974,25.03902,,,,,,,,,,,3,11757
美食天街,102.70974,25.0388,,,,,,,,,,,3,12548
找茶,102.70931,25.03947,,,,,,,,,,,3,12836
和叶泰国餐厅,102.70974,25.03902,,,,,,,,,,,3,13865
明治屋,102.70974,25.03902,,,,,,,,,,,3,13866
依佐拉巴西烤肉店正义店,102.70974,25.03902,,,,,,,,,,,3,13867
韩品阁韩式料理,102.70974,25.03902,,,,,,,,,,,3,13868
漫哈顿壹号美式烤房,102.70931,25.04017,,,,,,,,,,,3,14520
麦当劳甜品站,102.70939,25.03891,,,,,,,,,,,3,14678
听涛喜苑,102.71,25.03894,,,,,,,,,,,3,14775
光华街壹号老庄破酥包子,102.70974,25.0388,,,,,,,,,,,3,14776
路易芬尼SPA生活馆,102.70974,25.03902,,,,,,,,,,,3,17871
柏妍美女子会所,102.70974,25.03902,,,,,,,,,,,3,18796
老街酒吧,102.7094,25.03885,,,,,,,,,,,3,19946
中脉·道和养生馆,102.70999,25.03951,,,,,,,,,,,3,20961
巴黎劳莎女子会馆,102.70974,25.03902,,,,,,,,,,,3,21293
福林堂正义国药店,102.709997,25.038697,,,,,,,,,,,3,22868
华夏银行昆明分行,102.71005,25.03969,,,,,,,,,,,3,33007
中国邮政储蓄银行ATM,102.71,25.039089999999998,,,,,,,,,,,3,33436
桥香园正义坊店,102.70974,25.03882,,,,,,,,,,,3,35060
卡芭纳·意大利餐厅,102.70974,25.03882,,,,,,,,,,,3,35203
麦当劳光华店,102.70943,25.03979,,,,,,,,,,,3,37378
叶妈妈小馆,102.70974,25.03882,,,,,,,,,,,3,38751
斗牛士牛排餐厅昆明店,102.70974,25.03882,,,,,,,,,,,3,39451
大瀚法式铁板烧,102.70974,25.03882,,,,,,,,,,,3,41035
禾太郎寿司,102.70974,25.03882,,,,,,,,,,,3,41442
混合动力,102.70974,25.03882,,,,,,,,,,,3,41546
美食天街,102.70974,25.0386,,,,,,,,,,,3,42337
找茶,102.70931,25.039270000000002,,,,,,,,,,,3,42625
和叶泰国餐厅,102.70974,25.03882,,,,,,,,,,,3,43654
明治屋,102.70974,25.03882,,,,,,,,,,,3,43655
依佐拉巴西烤肉店正义店,102.70974,25.03882,,,,,,,,,,,3,43656
韩品阁韩式料理,102.70974,25.03882,,,,,,,,,,,3,43657
漫哈顿壹号美式烤房,102.70931,25.03997,,,,,,,,,,,3,44309
麦当劳甜品站,102.70939,25.038710000000002,,,,,,,,,,,3,44467
听涛喜苑,102.71,25.03874,,,,,,,,,,,3,44564
光华街壹号老庄破酥包子,102.70974,25.0386,,,,,,,,,,,3,44565
路易芬尼SPA生活馆,102.70974,25.03882,,,,,,,,,,,3,47660
柏妍美女子会所,102.70974,25.03882,,,,,,,,,,,3,48585
老街酒吧,102.7094,25.03865,,,,,,,,,,,3,49735
中脉·道和养生馆,102.70999,25.03931,,,,,,,,,,,3,50750
巴黎劳莎女子会馆,102.70974,25.03882,,,,,,,,,,,3,51082
华夏银行昆明分行,102.71005,25.03949,,,,,,,,,,,3,62796
中国邮政储蓄银行ATM,102.71,25.03889,,,,,,,,,,,3,63225
中国建设银行昆明金碧路支行,102.70968,25.039604,,,,,,,,,,,1,64968
靖国大厦,102.7097,25.039573999999998,,,,,,,,,,,1,67578
鼎味风园,102.7095,25.038279999999997,,,,,,,,,,,3,7925
大维饮品,102.70955,25.03829,,,,,,,,,,,3,8777
京城一锅,102.7095,25.038279999999997,,,,,,,,,,,3,9145
朱家花园小吃坊,102.70904,25.037429999999997,,,,,,,,,,,3,9503
香港许记甜品,102.70936999999999,25.03744,,,,,,,,,,,3,11521
西西果快客亮饭,102.70917,25.037429999999997,,,,,,,,,,,3,11533
老汤鸡蛋面,102.70929,25.03744,,,,,,,,,,,3,15018
景星动漫撞球城,102.7095,25.038279999999997,,,,,,,,,,,3,20130
来来网网网吧,102.71013,25.03855,,,,,,,,,,,3,21469
雅景商务宾馆,102.70966999999999,25.037770000000002,,,,,,,,,,,3,27352
昆明穆斯林大厦,102.70966999999999,25.037770000000002,,,,,,,,,,,3,28587
季季红火锅NO．6,102.7095,25.038079999999997,,,,,,,,,,,3,35594
南城清真寺餐厅,102.70966999999999,25.037570000000002,,,,,,,,,,,3,36617
德克士新景星餐厅,102.70973000000001,25.03831,,,,,,,,,,,3,37475
鼎味风园,102.7095,25.038079999999997,,,,,,,,,,,3,37714
Dａｉｒｙ　Qｕｅｅｎ昆明景星店,102.70938000000001,25.038439999999998,,,,,,,,,,,3,38239
大维饮品,102.70955,25.03809,,,,,,,,,,,3,38566
京城一锅,102.7095,25.038079999999997,,,,,,,,,,,3,38934
棒！约翰比萨昆明正义坊餐厅,102.7094,25.038520000000002,,,,,,,,,,,3,40913
香港许记甜品,102.70936999999999,25.03724,,,,,,,,,,,3,41310
老汤鸡蛋面,102.70929,25.03724,,,,,,,,,,,3,44807
景星动漫撞球城,102.7095,25.038079999999997,,,,,,,,,,,3,49919
来来网网网吧,102.71013,25.03835,,,,,,,,,,,3,51258
福林堂正义国药店,102.709997,25.038497,,,,,,,,,,,3,52657
雅景商务宾馆,102.70966999999999,25.037570000000002,,,,,,,,,,,3,57141
昆明穆斯林大厦,102.70966999999999,25.037570000000002,,,,,,,,,,,3,58376
城市花园正义店,102.70976479999999,25.0381956,,,,,,,,,,,1,68581
caffé bene,102.7094227,25.03843378,,,,,,,,,,,1,68836
弥勒竹园马记卤鸡卷粉店,102.70879000000001,25.03744,,,,,,,,,,,3,9978
丽园食坊,102.70879000000001,25.03744,,,,,,,,,,,3,10360
伟珺小吃店,102.70879000000001,25.03744,,,,,,,,,,,3,11407
腾冲特色饵丝店,102.70879000000001,25.03744,,,,,,,,,,,3,13280
辣得爽云南煳辣鱼,102.70908,25.03689,,,,,,,,,,,3,13308
艾雅小火锅,102.70908,25.03689,,,,,,,,,,,3,14921
速比度动漫游戏体验中心,102.70881,25.03719,,,,,,,,,,,3,21707
中国兰州牛肉拉面,102.7088,25.03689,,,,,,,,,,,3,38565
哈根达斯昆百大店,102.70929,25.03661,,,,,,,,,,,3,39097
快而佳自选小碗菜NO．1,102.70908,25.03669,,,,,,,,,,,3,39173
朱家花园小吃坊,102.70904,25.037229999999997,,,,,,,,,,,3,39292
弥勒竹园马记卤鸡卷粉店,102.70879000000001,25.03724,,,,,,,,,,,3,39767
丽园食坊,102.70879000000001,25.03724,,,,,,,,,,,3,40149
伟珺小吃店,102.70879000000001,25.03724,,,,,,,,,,,3,41196
西西果快客亮饭,102.70917,25.037229999999997,,,,,,,,,,,3,41322
腾冲特色饵丝店,102.70879000000001,25.03724,,,,,,,,,,,3,43069
辣得爽云南煳辣鱼,102.70908,25.03669,,,,,,,,,,,3,43097
艾雅小火锅,102.70908,25.03669,,,,,,,,,,,3,44710
速比度动漫游戏体验中心,102.70881,25.03699,,,,,,,,,,,3,51496
百大新天地,102.70943929999999,25.03700194,,,,,,,,,,,1,68724
