name,longitude,latitude,phone,address,district,city,area,zipcodetype,datatype,date,creator,source,index
专家楼餐厅,102.71563,25.080879999999997,,,,,,,,,,,3,11081
流行发艺,102.7153,25.08071,,,,,,,,,,,3,19634
富滇银行ATM,102.71533000000001,25.08055,,,,,,,,,,,3,33586
侬晓小吃,102.71611,25.08178,,,,,,,,,,,3,10630
佳垚地儿腊排骨餐厅,102.71621999999999,25.08193,,,,,,,,,,,3,14606
青云培训,102.715408,25.081901000000002,,,,,,,,,,,3,31710
侬晓小吃,102.71611,25.08158,,,,,,,,,,,3,40419
佳垚地儿腊排骨餐厅,102.71621999999999,25.08173,,,,,,,,,,,3,44395
青云培训,102.715408,25.081701000000002,,,,,,,,,,,3,61499
专家楼餐厅,102.71563,25.080679999999997,,,,,,,,,,,3,40870
流行发艺,102.7153,25.08051,,,,,,,,,,,3,49423
麦乐土炸鸡汉堡,102.71465,25.07975,,,,,,,,,,,3,7760
饭醉团伙,102.7147,25.079829999999998,,,,,,,,,,,3,11599
沙县小吃龙泉路店,102.71474,25.07988,,,,,,,,,,,3,11998
云南财经大学－丁香餐厅,102.71538000000001,25.07961,,,,,,,,,,,3,12669
HAPPY　TIME,102.71485,25.08008,,,,,,,,,,,3,15327
新承起教育培训学校,102.71494799999999,25.08022,,,,,,,,,,,3,31008
云南京师大西南大学云南函授站,102.71494799999999,25.08022,,,,,,,,,,,3,31518
李记成都担担面,102.71471,25.07872,,,,,,,,,,,3,6529
龙腾世家,102.716011,25.078871,,,,,,,,,,,2,267
猫咪洋芋店,102.715379,25.078316,,,,,,,,,,,1,2538
昆明友华之星大酒店,102.71659,25.079485000000002,,,,,,,,,,,1,2813
昆明一农场,102.71558,25.079388,,,,,,,,,,,1,2829
鸿盛购物中心,102.71621800000001,25.078973,,,,,,,,,,,1,3698
傣家风味,102.716598,25.079287,,,,,,,,,,,1,4221
老味蹄花,102.71545,25.0784,,,,,,,,,,,3,5399
重庆名火锅石锅鱼,102.71536,25.078429999999997,,,,,,,,,,,3,5400
延边旺旺烤肉串,102.71514,25.07855,,,,,,,,,,,3,6995
鑫鑫满园香餐馆,102.71549,25.07838,,,,,,,,,,,3,7138
燃情岁月,102.7154,25.07841,,,,,,,,,,,3,17098
多客娱乐,102.71519,25.07852,,,,,,,,,,,3,17099
走约会酒吧,102.71529,25.07847,,,,,,,,,,,3,19490
古方养生足浴,102.71524000000001,25.0785,,,,,,,,,,,3,20334
云南省国家旅游局省部共建旅游管理教学科研基地,102.716865,25.079245,,,,,,,,,,,3,31871
老味蹄花,102.71545,25.0782,,,,,,,,,,,3,35188
重庆名火锅石锅鱼,102.71536,25.078229999999998,,,,,,,,,,,3,35189
鑫鑫满园香餐馆,102.71549,25.07818,,,,,,,,,,,3,36927
云南财经大学－丁香餐厅,102.71538000000001,25.07941,,,,,,,,,,,3,42458
燃情岁月,102.7154,25.078210000000002,,,,,,,,,,,3,46887
走约会酒吧,102.71529,25.07827,,,,,,,,,,,3,49279
云南省国家旅游局省部共建旅游管理教学科研基地,102.716865,25.079045,,,,,,,,,,,3,61660
龙腾世家,102.716011,25.079071,,,,,,,,,,,2,64488
猫咪洋芋店,102.715379,25.078516,,,,,,,,,,,1,66759
昆明一农场,102.71558,25.079588,,,,,,,,,,,1,67050
鸿盛购物中心,102.71621800000001,25.079173,,,,,,,,,,,1,67919
傣家风味,102.716598,25.079487,,,,,,,,,,,1,68442
品一鲜,102.71488000000001,25.07864,,,,,,,,,,,3,8626
安旺阁,102.71494,25.078629999999997,,,,,,,,,,,3,10668
恐龙乡风味小吃,102.71507,25.07857,,,,,,,,,,,3,10952
中国邮政(昆明市轧钢厂卫生所东),102.713373,25.078897,,,,,,,,,,,1,702
教场北路公交站,102.712536,25.078508,,,,,,,,,,,1,3508
久久烧烤,102.71327,25.078329999999998,,,,,,,,,,,3,6863
沙县小吃泰阳新城店,102.71342,25.07856,,,,,,,,,,,3,7077
李氏狗肉,102.71338,25.07848,,,,,,,,,,,3,7179
晋商会馆,102.71355,25.07874,,,,,,,,,,,3,10332
丰盛园牛菜馆,102.71351,25.078699999999998,,,,,,,,,,,3,12483
宣威老厨房,102.71269000000001,25.07828,,,,,,,,,,,3,13599
福海园小吃,102.71335,25.07844,,,,,,,,,,,3,13959
华华风味小吃,102.7134,25.07852,,,,,,,,,,,3,14039
同顺小锅米线,102.71398,25.079520000000002,,,,,,,,,,,3,15455
青青小屋,102.71431,25.07911,,,,,,,,,,,3,15456
休闲网城,102.71321999999999,25.07829,,,,,,,,,,,3,16091
棂尚儿目的地,102.71424,25.0785,,,,,,,,,,,3,16285
剪·艾皇世专业美发机构,102.71374,25.07827,,,,,,,,,,,3,18599
刘勇发艺烫染专业连锁店,102.71404,25.07874,,,,,,,,,,,3,18658
莲华云岭天骄社区卫生站,102.713348,25.078454999999998,,,,,,,,,,,3,22657
南疆综合门诊部,102.713348,25.078454999999998,,,,,,,,,,,3,24213
新世纪诊所,102.71381,25.079242999999998,,,,,,,,,,,3,25670
生达新世界大药房,102.713833,25.079276999999998,,,,,,,,,,,3,25747
双马综合楼,102.71309000000001,25.07807,,,,,,,,,,,3,28620
跆拳道培训,102.713149,25.078219,,,,,,,,,,,3,30725
张健琴行艺术培训中心,102.71378,25.079194,,,,,,,,,,,3,32714
中国邮政储蓄银行马村支行,102.71346,25.07862,,,,,,,,,,,3,33266
中国光大银行ATM,102.714,25.078689999999998,,,,,,,,,,,3,33980
久久烧烤,102.71327,25.078129999999998,,,,,,,,,,,3,36652
沙县小吃泰阳新城店,102.71342,25.07836,,,,,,,,,,,3,36866
李氏狗肉,102.71338,25.07828,,,,,,,,,,,3,36968
晋商会馆,102.71355,25.07854,,,,,,,,,,,3,40121
丰盛园牛菜馆,102.71351,25.0785,,,,,,,,,,,3,42272
福海园小吃,102.71335,25.07824,,,,,,,,,,,3,43748
华华风味小吃,102.7134,25.07832,,,,,,,,,,,3,43828
同顺小锅米线,102.71398,25.079320000000003,,,,,,,,,,,3,45244
青青小屋,102.71431,25.07891,,,,,,,,,,,3,45245
休闲网城,102.71321999999999,25.07809,,,,,,,,,,,3,45880
剪·艾皇世专业美发机构,102.71374,25.07807,,,,,,,,,,,3,48388
刘勇发艺烫染专业连锁店,102.71404,25.07854,,,,,,,,,,,3,48447
莲华云岭天骄社区卫生站,102.713348,25.078255,,,,,,,,,,,3,52446
南疆综合门诊部,102.713348,25.078255,,,,,,,,,,,3,54002
新世纪诊所,102.71381,25.079043,,,,,,,,,,,3,55459
生达新世界大药房,102.713833,25.079076999999998,,,,,,,,,,,3,55536
张健琴行艺术培训中心,102.71378,25.078994,,,,,,,,,,,3,62503
中国邮政储蓄银行马村支行,102.71346,25.07842,,,,,,,,,,,3,63055
中国光大银行ATM,102.714,25.07849,,,,,,,,,,,3,63769
中国邮政(昆明市轧钢厂卫生所东),102.713373,25.079097,,,,,,,,,,,1,64923
教场北路公交站,102.712536,25.078708,,,,,,,,,,,1,67729
久馆,102.71521,25.07826,,,,,,,,,,,3,15906
月月泉,102.71421,25.07837,,,,,,,,,,,3,16284
沸点明珠,102.7146,25.0785,,,,,,,,,,,3,16708
简单,102.71464,25.07849,,,,,,,,,,,3,16925
李氏按摩修脚坊,102.71486,25.07808,,,,,,,,,,,3,16942
诺莫瑞根,102.71421,25.078329999999998,,,,,,,,,,,3,16963
ｄａｙ　ｏｆｆ,102.71511,25.0783,,,,,,,,,,,3,17100
巴顿,102.71488000000001,25.0784,,,,,,,,,,,3,17347
红玫瑰音乐酒吧,102.71525,25.078239999999997,,,,,,,,,,,3,17348
悠游吧,102.71446,25.07825,,,,,,,,,,,3,17650
纳什维尔,102.71409,25.0781,,,,,,,,,,,3,17743
V’ｅｒｉｎｔｅｍｐｅｒａｔｅｉｎ,102.71500999999999,25.07859,,,,,,,,,,,3,17753
HOUSE　MUSIC　BAR,102.71516,25.07828,,,,,,,,,,,3,17756
静雅美容美体中心龙泉店,102.71483,25.078310000000002,,,,,,,,,,,3,17783
新世纪足疗,102.71536,25.07819,,,,,,,,,,,3,17854
香格里拉,102.71463,25.0784,,,,,,,,,,,3,17857
后街九号BAR,102.71412,25.07815,,,,,,,,,,,3,18122
GOD　LIKE,102.71481,25.078429999999997,,,,,,,,,,,3,18123
主激酒吧,102.71415999999999,25.07825,,,,,,,,,,,3,18233
梦中缘,102.71473,25.07845,,,,,,,,,,,3,18657
快乐驿站,102.71454,25.07852,,,,,,,,,,,3,18659
美姿源,102.71433,25.07861,,,,,,,,,,,3,18740
U－571潜水吧,102.71414,25.07819,,,,,,,,,,,3,19778
巴洛克CLUB,102.71431,25.078039999999998,,,,,,,,,,,3,19785
杜尚,102.71459,25.07842,,,,,,,,,,,3,19873
M姬酒吧,102.71453000000001,25.07845,,,,,,,,,,,3,19874
派对时光,102.71500999999999,25.07801,,,,,,,,,,,3,20904
自由密码,102.71453000000001,25.07822,,,,,,,,,,,3,21649
爱猫及喵,102.71506,25.078329999999998,,,,,,,,,,,3,21735
才华恒艺形象设计工作室,102.71429,25.078529999999997,,,,,,,,,,,3,21763
心灵驿栈,102.71467,25.07815,,,,,,,,,,,3,21875
Gｏｌｄｅｎｏｔｅ　ｃｌｕｂ,102.71516,25.07796,,,,,,,,,,,3,22079
ｆｕｃｋ　ｍｕｓｉｃ,102.71418,25.07829,,,,,,,,,,,3,22252
爱琴行音乐培训,102.714611,25.077969,,,,,,,,,,,3,31114
李记成都担担面,102.71471,25.07852,,,,,,,,,,,3,36318
延边旺旺烤肉串,102.71514,25.07835,,,,,,,,,,,3,36784
麦乐土炸鸡汉堡,102.71465,25.07955,,,,,,,,,,,3,37549
品一鲜,102.71488000000001,25.07844,,,,,,,,,,,3,38415
安旺阁,102.71494,25.078429999999997,,,,,,,,,,,3,40457
恐龙乡风味小吃,102.71507,25.07837,,,,,,,,,,,3,40741
久馆,102.71521,25.07806,,,,,,,,,,,3,45695
月月泉,102.71421,25.07817,,,,,,,,,,,3,46073
棂尚儿目的地,102.71424,25.0783,,,,,,,,,,,3,46074
沸点明珠,102.7146,25.0783,,,,,,,,,,,3,46497
简单,102.71464,25.07829,,,,,,,,,,,3,46714
李氏按摩修脚坊,102.71486,25.07788,,,,,,,,,,,3,46731
诺莫瑞根,102.71421,25.078129999999998,,,,,,,,,,,3,46752
多客娱乐,102.71519,25.07832,,,,,,,,,,,3,46888
ｄａｙ　ｏｆｆ,102.71511,25.0781,,,,,,,,,,,3,46889
巴顿,102.71488000000001,25.0782,,,,,,,,,,,3,47136
红玫瑰音乐酒吧,102.71525,25.078039999999998,,,,,,,,,,,3,47137
悠游吧,102.71446,25.07805,,,,,,,,,,,3,47439
V’ｅｒｉｎｔｅｍｐｅｒａｔｅｉｎ,102.71500999999999,25.07839,,,,,,,,,,,3,47542
HOUSE　MUSIC　BAR,102.71516,25.07808,,,,,,,,,,,3,47545
静雅美容美体中心龙泉店,102.71483,25.078110000000002,,,,,,,,,,,3,47572
香格里拉,102.71463,25.0782,,,,,,,,,,,3,47646
GOD　LIKE,102.71481,25.078229999999998,,,,,,,,,,,3,47912
主激酒吧,102.71415999999999,25.07805,,,,,,,,,,,3,48022
梦中缘,102.71473,25.07825,,,,,,,,,,,3,48446
快乐驿站,102.71454,25.07832,,,,,,,,,,,3,48448
美姿源,102.71433,25.07841,,,,,,,,,,,3,48529
U－571潜水吧,102.71414,25.07799,,,,,,,,,,,3,49567
杜尚,102.71459,25.07822,,,,,,,,,,,3,49662
M姬酒吧,102.71453000000001,25.07825,,,,,,,,,,,3,49663
古方养生足浴,102.71524000000001,25.0783,,,,,,,,,,,3,50123
自由密码,102.71453000000001,25.078020000000002,,,,,,,,,,,3,51438
爱猫及喵,102.71506,25.078129999999998,,,,,,,,,,,3,51524
才华恒艺形象设计工作室,102.71429,25.078329999999998,,,,,,,,,,,3,51552
心灵驿栈,102.71467,25.07795,,,,,,,,,,,3,51664
ｆｕｃｋ　ｍｕｓｉｃ,102.71418,25.07809,,,,,,,,,,,3,52041
饭醉团伙,102.7147,25.079629999999998,,,,,,,,,,,3,41388
沙县小吃龙泉路店,102.71474,25.07968,,,,,,,,,,,3,41787
HAPPY　TIME,102.71485,25.07988,,,,,,,,,,,3,45116
新承起教育培训学校,102.71494799999999,25.08002,,,,,,,,,,,3,60797
云南京师大西南大学云南函授站,102.71494799999999,25.08002,,,,,,,,,,,3,61307
富滇银行ATM,102.71533000000001,25.08035,,,,,,,,,,,3,63375
