name,longitude,latitude,phone,address,district,city,area,zipcodetype,datatype,date,creator,source,index
发艺汇农大连锁店,102.74276,25.12424,,,,,,,,,,,3,18770
伊欣园,102.74181,25.12496,,,,,,,,,,,3,12508
香馨川菜馆,102.74258,25.124399999999998,,,,,,,,,,,3,15291
赛雅发艺,102.74217,25.124689999999998,,,,,,,,,,,3,18213
魔瘦专业减肥,102.74168,25.12507,,,,,,,,,,,3,18214
勐焕傣味坊,102.74146999999999,25.12614,,,,,,,,,,,3,5650
柳记农家园,102.74149,25.12661,,,,,,,,,,,3,6243
刘记外婆家乡菜,102.74093,25.126479999999997,,,,,,,,,,,3,6415
滇峰湘菜馆,102.74146999999999,25.12614,,,,,,,,,,,3,8208
聚源猪肚鸡,102.74153000000001,25.126679999999997,,,,,,,,,,,3,8209
昆明味道,102.74186999999999,25.12761,,,,,,,,,,,3,5134
巍山风味馆,102.74197,25.127229999999997,,,,,,,,,,,3,5651
珍味厨,102.74173,25.12745,,,,,,,,,,,3,6980
清真烧烤,102.74198,25.12771,,,,,,,,,,,3,7987
红河干锅旱鸭,102.74159,25.12675,,,,,,,,,,,3,8210
湘品天下,102.74162,25.1268,,,,,,,,,,,3,8211
水煮鱼川菜火锅,102.74208,25.12744,,,,,,,,,,,3,8212
牧羊老字号壮羊肉馆NO．1,102.7414,25.12705,,,,,,,,,,,3,8702
老表妹牛菜馆,102.74164,25.12734,,,,,,,,,,,3,8845
乡村草墩屋,102.74166,25.126839999999998,,,,,,,,,,,3,9776
瑞兴园,102.74162,25.1268,,,,,,,,,,,3,11611
黔丰OK羊肉米线站（四分站）,102.74134000000001,25.127,,,,,,,,,,,3,12507
读书铺酸笋鸡火锅蒜村分店,102.74176,25.12701,,,,,,,,,,,3,13553
伊宏小吃,102.74193000000001,25.127679999999998,,,,,,,,,,,3,14085
鸿福缘小吃,102.74216,25.12748,,,,,,,,,,,3,15129
三度网吧,102.74191,25.12765,,,,,,,,,,,3,16151
沃姆斯酒吧,102.74174000000001,25.12698,,,,,,,,,,,3,18216
汇颜坊美容美体,102.74221999999999,25.12754,,,,,,,,,,,3,18217
浪波湾形象会所,102.7422,25.12751,,,,,,,,,,,3,19209
魔力秀烫染吧,102.74168,25.12742,,,,,,,,,,,3,20402
盘龙卫平诊所,102.74185200000001,25.128176999999997,,,,,,,,,,,3,22660
永安客房部,102.74136,25.12802,,,,,,,,,,,3,26625
昆明味道,102.74186999999999,25.12741,,,,,,,,,,,3,34923
巍山风味馆,102.74197,25.127029999999998,,,,,,,,,,,3,35440
珍味厨,102.74173,25.12725,,,,,,,,,,,3,36769
清真烧烤,102.74198,25.12751,,,,,,,,,,,3,37776
水煮鱼川菜火锅,102.74208,25.12724,,,,,,,,,,,3,38001
牧羊老字号壮羊肉馆NO．1,102.7414,25.12685,,,,,,,,,,,3,38491
老表妹牛菜馆,102.74164,25.12714,,,,,,,,,,,3,38634
读书铺酸笋鸡火锅蒜村分店,102.74176,25.12681,,,,,,,,,,,3,43342
伊宏小吃,102.74193000000001,25.12748,,,,,,,,,,,3,43874
鸿福缘小吃,102.74216,25.12728,,,,,,,,,,,3,44918
三度网吧,102.74191,25.12745,,,,,,,,,,,3,45940
沃姆斯酒吧,102.74174000000001,25.12678,,,,,,,,,,,3,48005
汇颜坊美容美体,102.74221999999999,25.12734,,,,,,,,,,,3,48006
浪波湾形象会所,102.7422,25.12731,,,,,,,,,,,3,48998
魔力秀烫染吧,102.74168,25.12722,,,,,,,,,,,3,50191
盘龙卫平诊所,102.74185200000001,25.127976999999998,,,,,,,,,,,3,52449
永安客房部,102.74136,25.12782,,,,,,,,,,,3,56414
贵阳高记留一手特色烤鱼,102.74153000000001,25.126679999999997,,,,,,,,,,,3,11139
品尚驴肉馆,102.74076,25.12643,,,,,,,,,,,3,11609
马记沣源火锅,102.741,25.126549999999998,,,,,,,,,,,3,11610
吴记鑫源酸菜猪脚火锅米线昆明NO．1,102.74106,25.12662,,,,,,,,,,,3,13478
龙头街回族餐厅,102.74149,25.12601,,,,,,,,,,,3,13762
正宗富源酸菜猪脚火锅,102.74106,25.12662,,,,,,,,,,,3,14086
牛嘎嘎老火锅,102.74076,25.12643,,,,,,,,,,,3,14087
保山火塘牛肉,102.74135,25.12637,,,,,,,,,,,3,14238
王国香茶室,102.74127,25.12535,,,,,,,,,,,3,18215
靓典时尚造型NO．6,102.74123,25.1269,,,,,,,,,,,3,21994
云南好医生药房,102.74121099999999,25.126864,,,,,,,,,,,3,25730
农村信用社ATM,102.74114,25.12673,,,,,,,,,,,3,34013
勐焕傣味坊,102.74146999999999,25.12594,,,,,,,,,,,3,35439
柳记农家园,102.74149,25.12641,,,,,,,,,,,3,36032
刘记外婆家乡菜,102.74093,25.126279999999998,,,,,,,,,,,3,36204
滇峰湘菜馆,102.74146999999999,25.12594,,,,,,,,,,,3,37997
聚源猪肚鸡,102.74153000000001,25.126479999999997,,,,,,,,,,,3,37998
红河干锅旱鸭,102.74159,25.12655,,,,,,,,,,,3,37999
湘品天下,102.74162,25.1266,,,,,,,,,,,3,38000
乡村草墩屋,102.74166,25.12664,,,,,,,,,,,3,39565
贵阳高记留一手特色烤鱼,102.74153000000001,25.126479999999997,,,,,,,,,,,3,40928
品尚驴肉馆,102.74076,25.12623,,,,,,,,,,,3,41398
马记沣源火锅,102.741,25.12635,,,,,,,,,,,3,41399
瑞兴园,102.74162,25.1266,,,,,,,,,,,3,41400
黔丰OK羊肉米线站（四分站）,102.74134000000001,25.1268,,,,,,,,,,,3,42296
吴记鑫源酸菜猪脚火锅米线昆明NO．1,102.74106,25.12642,,,,,,,,,,,3,43267
龙头街回族餐厅,102.74149,25.12581,,,,,,,,,,,3,43551
正宗富源酸菜猪脚火锅,102.74106,25.12642,,,,,,,,,,,3,43875
牛嘎嘎老火锅,102.74076,25.12623,,,,,,,,,,,3,43876
保山火塘牛肉,102.74135,25.126170000000002,,,,,,,,,,,3,44027
靓典时尚造型NO．6,102.74123,25.1267,,,,,,,,,,,3,51783
云南好医生药房,102.74121099999999,25.126664,,,,,,,,,,,3,55519
农村信用社ATM,102.74114,25.12653,,,,,,,,,,,3,63802
红云农大教工社区卫生站,102.742007,25.124796,,,,,,,,,,,3,25269
中国光大银行ATM,102.74205,25.12477,,,,,,,,,,,3,33724
伊欣园,102.74181,25.124760000000002,,,,,,,,,,,3,42297
赛雅发艺,102.74217,25.124489999999998,,,,,,,,,,,3,48002
魔瘦专业减肥,102.74168,25.12487,,,,,,,,,,,3,48003
王国香茶室,102.74127,25.12515,,,,,,,,,,,3,48004
红云农大教工社区卫生站,102.742007,25.124596,,,,,,,,,,,3,55058
中国光大银行ATM,102.74205,25.124570000000002,,,,,,,,,,,3,63513
哈尼罕天然海娜植物养发昆明农大店,102.74289,25.124129999999997,,,,,,,,,,,3,22067
健之佳健康药房NO．220,102.742685,25.124282,,,,,,,,,,,3,23855
欣宠动物诊疗中心,102.743358,25.123795,,,,,,,,,,,3,24650
晓芳口腔,102.742837,25.124171999999998,,,,,,,,,,,3,24914
香馨川菜馆,102.74258,25.1242,,,,,,,,,,,3,45080
发艺汇农大连锁店,102.74276,25.12404,,,,,,,,,,,3,48559
哈尼罕天然海娜植物养发昆明农大店,102.74289,25.123929999999998,,,,,,,,,,,3,51856
健之佳健康药房NO．220,102.742685,25.124082,,,,,,,,,,,3,53644
灵犀阁,102.74415,25.123189999999997,,,,,,,,,,,3,8378
豆香坊,102.74408000000001,25.12323,,,,,,,,,,,3,10854
飞扬足浴,102.74384,25.12341,,,,,,,,,,,3,17022
丝艺造型,102.74378,25.12264,,,,,,,,,,,3,18774
农村信用社蓝龙潭分社,102.74418,25.12303,,,,,,,,,,,3,33567
灵犀阁,102.74415,25.122989999999998,,,,,,,,,,,3,38167
豆香坊,102.74408000000001,25.12303,,,,,,,,,,,3,40643
飞扬足浴,102.74384,25.12321,,,,,,,,,,,3,46811
丝艺造型,102.74378,25.12244,,,,,,,,,,,3,48563
欣宠动物诊疗中心,102.743358,25.123595,,,,,,,,,,,3,54439
农村信用社蓝龙潭分社,102.74418,25.12283,,,,,,,,,,,3,63356
晓芳口腔,102.742837,25.123972,,,,,,,,,,,3,54703
