name,longitude,latitude,phone,address,district,city,area,zipcodetype,datatype,date,creator,source,index
兴旺竹荪山药鸡,102.76773,24.976229999999997,,,,,,,,,,,3,9530
兴旺竹荪山药鸡,102.76773,24.976029999999998,,,,,,,,,,,3,16977
兄弟黄焖鸭,102.76852,24.97707,,,,,,,,,,,3,6064
安格斯牛排馆,102.76895999999999,24.977279999999997,,,,,,,,,,,3,10312
镇雄酸莱猪脚火锅,102.76881999999999,24.97704,,,,,,,,,,,3,10313
人和缘家常菜,102.76836,24.9771,,,,,,,,,,,3,10355
兄弟黄焖鸭,102.76852,24.97687,,,,,,,,,,,3,13511
安格斯牛排馆,102.76895999999999,24.977079999999997,,,,,,,,,,,3,17759
人和缘家常菜,102.76836,24.9769,,,,,,,,,,,3,17802
桥思园,102.76838000000001,24.977120000000003,,,,,,,,,,,3,20509
春城湘菜馆,102.76776,24.97653,,,,,,,,,,,3,21020
特色烙烤,102.76886999999999,24.977079999999997,,,,,,,,,,,3,21232
德心园,102.76858,24.97709,,,,,,,,,,,3,21233
贵州六盘水吴三羊肉米线NO．28,102.7685,24.97711,,,,,,,,,,,3,22078
丽云大酒店－餐厅,102.76871,24.977079999999997,,,,,,,,,,,3,22739
美良招待所,102.76848000000001,24.97687,,,,,,,,,,,3,33732
朋缘旅社,102.76776,24.976779999999998,,,,,,,,,,,3,34083
Lｏｖｅ　ｌｅｉｓｕｒｅ,102.76751,24.975839999999998,,,,,,,,,,,3,23415
馨蕊美容美体会所,102.76778,24.97581,,,,,,,,,,,3,25732
周记重庆八大碗鲜面王NO．1,102.76791999999999,24.97486,,,,,,,,,,,3,6409
昭通天麻火腿鸡,102.76916999999999,24.97513,,,,,,,,,,,3,5130
贵州六盘水特色羊肉米线,102.76971,24.97498,,,,,,,,,,,3,5153
沙县小吃,102.76907,24.97504,,,,,,,,,,,3,7008
邵记农家乐,102.7686,24.97491,,,,,,,,,,,3,7104
玉春苑公交站,102.768885,24.975997,,,,,,,,,,,1,1259
随心缘休闲川菜小吃,102.76893000000001,24.975920000000002,,,,,,,,,,,3,7529
贵州飘香烧烤,102.76878,24.976529999999997,,,,,,,,,,,3,12025
随心缘休闲川菜小吃,102.76893000000001,24.975720000000003,,,,,,,,,,,3,14976
镇雄酸莱猪脚火锅,102.76881999999999,24.97684,,,,,,,,,,,3,17760
贵州飘香烧烤,102.76878,24.976329999999997,,,,,,,,,,,3,19472
随意农家菜,102.76885,24.976860000000002,,,,,,,,,,,3,22740
广东名艺,102.76923000000001,24.975179999999998,,,,,,,,,,,3,24194
东辉娱乐,102.76885,24.97512,,,,,,,,,,,3,24910
发之美造型,102.76888000000001,24.975939999999998,,,,,,,,,,,3,25082
四海台球室,102.76947,24.97634,,,,,,,,,,,3,26698
智平诊所,102.768373,24.976472,,,,,,,,,,,3,31118
虹源商务酒店,102.76905,24.97671,,,,,,,,,,,3,34807
罗记重庆火锅,102.769768,24.97387,,,,,,,,,,,1,2592
香蒸源织布营餐厅,102.76903,24.973789999999997,,,,,,,,,,,3,6073
谭氏重庆石锅鱼NO．23,102.77027,24.974,,,,,,,,,,,3,8547
自贡饭店,102.76895999999999,24.97416,,,,,,,,,,,3,9696
惠普糊辣鱼庄,102.76996,24.974729999999997,,,,,,,,,,,3,10161
香蒸源织布营餐厅,102.76903,24.973589999999998,,,,,,,,,,,3,13520
满堂红丰盛农家园,102.77011,24.97462,,,,,,,,,,,3,14367
谭氏重庆石锅鱼NO．23,102.77027,24.9738,,,,,,,,,,,3,15994
自贡饭店,102.76895999999999,24.97396,,,,,,,,,,,3,17143
惠普糊辣鱼庄,102.76996,24.974529999999998,,,,,,,,,,,3,17608
顶尖专业美容美发,102.7691,24.974079999999997,,,,,,,,,,,3,24709
秀丝佳缘发艺,102.77031,24.97383,,,,,,,,,,,3,26968
媚儿生活馆,102.77006999999999,24.97435,,,,,,,,,,,3,29622
明疆家园酒店,102.77033,24.97454,,,,,,,,,,,3,34905
雄艺酸汤猪脚,102.7695,24.97508,,,,,,,,,,,3,10760
玉秀园饭馆,102.76894,24.97495,,,,,,,,,,,3,11249
昭通天麻火腿鸡,102.76916999999999,24.97493,,,,,,,,,,,3,12577
贵州六盘水特色羊肉米线,102.76971,24.97478,,,,,,,,,,,3,12600
沙县小吃,102.76907,24.97484,,,,,,,,,,,3,14455
邵记农家乐,102.7686,24.97471,,,,,,,,,,,3,14551
雄艺酸汤猪脚,102.7695,24.97488,,,,,,,,,,,3,18207
玉秀园饭馆,102.76894,24.97475,,,,,,,,,,,3,18696
足享人生,102.76975999999999,24.97504,,,,,,,,,,,3,23343
舒心足浴,102.76850999999999,24.97467,,,,,,,,,,,3,24850
贵妃人生,102.7684,24.97467,,,,,,,,,,,3,25116
陈奇惠子专业美容美体,102.76982,24.97489,,,,,,,,,,,3,27174
碧波湾水疗,102.76881999999999,24.97467,,,,,,,,,,,3,27971
美艺烫染连锁,102.76863,24.97491,,,,,,,,,,,3,29176
中舫娱乐,102.76881999999999,24.97467,,,,,,,,,,,3,29389
杨绍坤诊所,102.769196,24.974644,,,,,,,,,,,3,29924
庄承综合门诊部,102.768856,24.97472,,,,,,,,,,,3,30982
家家康健康药店织布营店,102.769735,24.975071,,,,,,,,,,,3,31418
金芝诊所,102.77007900000001,24.974836,,,,,,,,,,,3,32240
如意家客栈,102.77002,24.97478,,,,,,,,,,,3,34827
织布营红领巾幼儿园,102.769347,24.975063000000002,,,,,,,,,,,3,39678
四川泸州饭店,102.76778,24.97526,,,,,,,,,,,3,10620
周记重庆八大碗鲜面王NO．1,102.76791999999999,24.97466,,,,,,,,,,,3,13856
四川泸州饭店,102.76778,24.97506,,,,,,,,,,,3,18067
世纪足疗,102.76779,24.97486,,,,,,,,,,,3,23579
妙首形象沙龙,102.76753000000001,24.97421,,,,,,,,,,,3,23582
英皇造型,102.76799999999999,24.97466,,,,,,,,,,,3,24235
壁海轩美容养生馆,102.76751999999999,24.97529,,,,,,,,,,,3,25528
福康盲人按摩,102.76751999999999,24.97546,,,,,,,,,,,3,26311
意气风发,102.76807,24.97417,,,,,,,,,,,3,27054
顶上风景线专业烫染吧,102.76793,24.97417,,,,,,,,,,,3,28649
你型我塑发艺美发,102.76843000000001,24.97419,,,,,,,,,,,3,29548
纤体女子专业瘦身美体中心,102.76751,24.974970000000003,,,,,,,,,,,3,29644
福珍诊所,102.767803,24.97523,,,,,,,,,,,3,31763
官渡区博康大药房,102.76809300000001,24.974653,,,,,,,,,,,3,33266
兴旺小宾馆,102.76796,24.97466,,,,,,,,,,,3,33871
金鑫旅社,102.76772,24.975579999999997,,,,,,,,,,,3,34902
凯悦旅馆,102.76783,24.97466,,,,,,,,,,,3,34958
织布营幸福幼儿园,102.76778399999999,24.975427,,,,,,,,,,,3,39428
