name,longitude,latitude,phone,address,district,city,area,zipcodetype,datatype,date,creator,source,index
龙脉网吧,102.73095,25.06211,,,,,,,,,,,3,25930
过桥园NO．8,102.73179,25.061629999999997,,,,,,,,,,,3,6459
保山火瓢牛肉,102.73205,25.06141,,,,,,,,,,,3,7181
重庆山茅田鸡白云店,102.7313,25.06204,,,,,,,,,,,3,8629
林玉园大名厨美蛙鱼头火锅白云店,102.7321,25.06137,,,,,,,,,,,3,8630
红园城香辣虾火锅,102.73115,25.06215,,,,,,,,,,,3,8748
金孔雀,102.73199,25.06146,,,,,,,,,,,3,8761
一品香,102.73219,25.06129,,,,,,,,,,,3,8852
侗乡原生态香草酸汤火锅餐厅昆明总店,102.7323,25.0612,,,,,,,,,,,3,9304
飞阳铁板烧白云店,102.73124,25.0621,,,,,,,,,,,3,9309
季氏羊洋大羊米线,102.73106,25.06223,,,,,,,,,,,3,9413
袁氏宣威火腿馆,102.73156,25.061829999999997,,,,,,,,,,,3,9414
三只脚虾佳家香辣虾昆明总店,102.73161999999999,25.06177,,,,,,,,,,,3,9435
尹赖仕烧烤大师全国连锁NO．1,102.73223,25.06125,,,,,,,,,,,3,11162
顺仙园,102.73186,25.06157,,,,,,,,,,,3,11232
蒙自氽肉米线,102.7311,25.062189999999998,,,,,,,,,,,3,11356
过桥园NO．8,102.73179,25.061429999999998,,,,,,,,,,,3,13906
保山火瓢牛肉,102.73205,25.06121,,,,,,,,,,,3,14628
重庆山茅田鸡白云店,102.7313,25.06184,,,,,,,,,,,3,16076
林玉园大名厨美蛙鱼头火锅白云店,102.7321,25.06117,,,,,,,,,,,3,16077
红园城香辣虾火锅,102.73115,25.06195,,,,,,,,,,,3,16195
金孔雀,102.73199,25.06126,,,,,,,,,,,3,16208
一品香,102.73219,25.06109,,,,,,,,,,,3,16299
侗乡原生态香草酸汤火锅餐厅昆明总店,102.7323,25.061,,,,,,,,,,,3,16751
飞阳铁板烧白云店,102.73124,25.0619,,,,,,,,,,,3,16756
季氏羊洋大羊米线,102.73106,25.06203,,,,,,,,,,,3,16860
袁氏宣威火腿馆,102.73156,25.061629999999997,,,,,,,,,,,3,16861
三只脚虾佳家香辣虾昆明总店,102.73161999999999,25.06157,,,,,,,,,,,3,16882
尹赖仕烧烤大师全国连锁NO．1,102.73223,25.06105,,,,,,,,,,,3,18609
顺仙园,102.73186,25.06137,,,,,,,,,,,3,18679
蒙自氽肉米线,102.7311,25.061989999999998,,,,,,,,,,,3,18803
斑鱼映象云南总店,102.73192,25.061320000000002,,,,,,,,,,,3,19717
杨林闻氏兄弟酸菜鱼昆明店,102.7314,25.06175,,,,,,,,,,,3,21187
幸福农家园,102.73214,25.06113,,,,,,,,,,,3,22917
非非酒吧,102.73254,25.061329999999998,,,,,,,,,,,3,26033
顺和招待所,102.7323,25.0609,,,,,,,,,,,3,33798
新世家宾馆,102.73245,25.0614,,,,,,,,,,,3,34859
嵩明滇源大厦,102.73225,25.06154,,,,,,,,,,,3,36124
双江拉祜族佤族布朗族傣族自治县政府驻昆办,102.732244,25.061535,,,,,,,,,,,3,37441
珠江源大酒店－中餐厅,102.7305,25.06336,,,,,,,,,,,3,8900
老刘野生大鱼坊,102.73033000000001,25.06345,,,,,,,,,,,3,11569
珠江源大酒店－中餐厅,102.7305,25.06316,,,,,,,,,,,3,16347
老刘野生大鱼坊,102.73033000000001,25.06325,,,,,,,,,,,3,19016
三人行BAR,102.73007,25.06267,,,,,,,,,,,3,23301
龙阁会所KTV,102.7305,25.06316,,,,,,,,,,,3,25091
人间瑶池洗浴中心,102.7305,25.06316,,,,,,,,,,,3,27833
世纪俊园,102.73022900000001,25.064458,,,,,,,,,,,1,2111
金尚国际,102.7298069,25.06418127,,,,,,,,,,,1,3423
正宗李记重庆老火锅总店,102.72974,25.06508,,,,,,,,,,,3,8640
金沙公寓,102.7284775,25.06466866,,,,,,,,,,,2,201
奥斯迪大酒店,102.729198,25.065201000000002,,,,,,,,,,,1,4531
重庆灵芝田鸡鲜活馆白云路万宏店,102.72944,25.06479,,,,,,,,,,,3,8854
脆鱼轩,102.7283,25.06489,,,,,,,,,,,3,9196
重庆灵芝田鸡鲜活馆白云路万宏店,102.72944,25.06459,,,,,,,,,,,3,16301
脆鱼轩,102.7283,25.06469,,,,,,,,,,,3,16643
天天美食坊,102.7286,25.064510000000002,,,,,,,,,,,3,19936
圣地亚歌KTV,102.72771999999999,25.06455,,,,,,,,,,,3,25486
万紫千红,102.72787,25.064870000000003,,,,,,,,,,,3,25922
皇室NO．4,102.72806,25.06479,,,,,,,,,,,3,27358
盘龙侯正保中西医诊所,102.728484,25.065082,,,,,,,,,,,3,32813
成源林综合药房白云药店,102.72797,25.064892999999998,,,,,,,,,,,3,32837
金尚壹号大厦,102.72808,25.06394,,,,,,,,,,,3,36131
康驰驾校昆明畅驰陪驾公司,102.728619,25.06483,,,,,,,,,,,3,40099
中国光大银行白云路支行,102.72771,25.06492,,,,,,,,,,,3,41356
金沙公寓,102.7284775,25.06486866,,,,,,,,,,,2,42080
正宗李记重庆老火锅总店,102.72974,25.06488,,,,,,,,,,,3,16087
南华草墩屋,102.7299,25.06503,,,,,,,,,,,3,20751
道道滋味万宏路店,102.7301,25.065279999999998,,,,,,,,,,,3,23122
NｏNｏ主题酒吧,102.72955,25.06467,,,,,,,,,,,3,28805
恋唱KTV量贩,102.73004,25.063760000000002,,,,,,,,,,,3,28806
兴宏星娱乐城,102.72955,25.06467,,,,,,,,,,,3,29124
菲尼斯国际健身会所,102.73033000000001,25.063579999999998,,,,,,,,,,,3,29190
东升招待所,102.7298,25.06494,,,,,,,,,,,3,34157
三九济民药店白云路分店,102.73039,25.062593,,,,,,,,,,,3,30720
宠儿康动物诊所白云路店,102.72981700000001,25.063082,,,,,,,,,,,3,32306
盘龙区联盟王旗营社区卫生站,102.729905,25.063005,,,,,,,,,,,3,33491
昆明市盘龙区劳动就业局,102.730538,25.062504,,,,,,,,,,,3,36163
