name,longitude,latitude,phone,address,district,city,area,zipcodetype,datatype,date,creator,source,index
香格里拉咖啡厅,102.71582,25.03734,,,,,,,,,,,3,6952
地平线西餐厅,102.71582,25.03734,,,,,,,,,,,3,6953
绿茵阁西餐厅新世界百货店,102.71559,25.03797,,,,,,,,,,,3,8499
紫云天旋转餐厅,102.71602,25.03756,,,,,,,,,,,3,9349
LOBBY　BAR,102.71582,25.03734,,,,,,,,,,,3,11364
绿茵阁西餐厅新世界百货店,102.71559,25.037770000000002,,,,,,,,,,,3,15946
紫云天旋转餐厅,102.71602,25.03736,,,,,,,,,,,3,16796
多哥水傣味餐厅,102.717013,25.037546,,,,,,,,,,,1,4069
金碧雅园,102.716181,25.036438,,,,,,,,,,,1,3486
幸福巷,102.71444,25.036037,,,,,,,,,,,1,1482
青年路公交站,102.7152272,25.03645791,,,,,,,,,,,1,2303
博丰公寓酒店,102.71509420000001,25.0359908,,,,,,,,,,,1,4415
赖客,102.71396,25.036199999999997,,,,,,,,,,,3,6454
点点豆豆健善豆坊,102.71419,25.03685,,,,,,,,,,,3,7611
57号花园餐厅,102.71408000000001,25.03596,,,,,,,,,,,3,7796
豪雅客牛排馆晓东街店,102.71421,25.03661,,,,,,,,,,,3,7803
禾润茶餐厅,102.71375,25.0365,,,,,,,,,,,3,13289
赖客,102.71396,25.035999999999998,,,,,,,,,,,3,13901
建新园宝善街店,102.71346,25.03598,,,,,,,,,,,3,14372
点点豆豆健善豆坊,102.71419,25.03665,,,,,,,,,,,3,15058
57号花园餐厅,102.71408000000001,25.03576,,,,,,,,,,,3,15243
豪雅客牛排馆晓东街店,102.71421,25.03641,,,,,,,,,,,3,15250
蜀香苑川菜馆,102.71414,25.036839999999998,,,,,,,,,,,3,15849
宣威菜馆,102.71351999999999,25.03629,,,,,,,,,,,3,17847
吉仁楼,102.71415,25.03679,,,,,,,,,,,3,18587
云南省昆明市东寺塔步行街,102.715917,25.035439999999998,,,,,,,,,,,1,981
醉云喃,102.716945,25.035339,,,,,,,,,,,1,616
意大利百吉乐餐厅,102.71716500000001,25.03535,,,,,,,,,,,1,1334
王及小吃 东西寺塔店,102.71688499999999,25.035246,,,,,,,,,,,1,1873
曼谷印象,102.717864,25.035026000000002,,,,,,,,,,,1,2542
近日楼,102.716616,25.034566,,,,,,,,,,,1,3383
东方广场B座精英城市公馆,102.716316,25.035784,,,,,,,,,,,1,4122
昆明中心皇冠假日酒店－野火餐厅,102.71693,25.03456,,,,,,,,,,,3,10583
志远员工餐厅,102.71699,25.0362,,,,,,,,,,,3,20382
健之佳健康药房NO．135,102.716735,25.036089999999998,,,,,,,,,,,3,31131
平安银行昆明分行,102.71635,25.035320000000002,,,,,,,,,,,3,40925
中国平安人寿保险平安养老保险,102.71699,25.0362,,,,,,,,,,,3,41272
醉云喃,102.716945,25.035539,,,,,,,,,,,1,42495
昆明市五华区图书馆,102.715418,25.035785999999998,,,,,,,,,,,1,2937
昆明奥特莱斯购物中心,102.715917,25.03564,,,,,,,,,,,1,3263
唛嘎曼回索傣家美食,102.71551,25.03472,,,,,,,,,,,3,5409
阿莲建水砂锅过桥园,102.71548,25.034860000000002,,,,,,,,,,,3,5966
云平风味园,102.7155,25.034789999999997,,,,,,,,,,,3,10950
阿莲建水砂锅过桥园,102.71548,25.034660000000002,,,,,,,,,,,3,13413
觅桃记爱情主题·甜品·餐酒吧,102.71540999999999,25.03603,,,,,,,,,,,3,20750
宝华包子店,102.71547,25.03578,,,,,,,,,,,3,23172
名家女子造形,102.71509,25.03497,,,,,,,,,,,3,23281
女人漂亮专业美体护肤女子健康养生会所,102.71566999999999,25.03624,,,,,,,,,,,3,25291
映地安,102.71619,25.036270000000002,,,,,,,,,,,3,27119
昆明市盘龙区人民医院,102.715303,25.035601,,,,,,,,,,,3,30439
昆明老年病医院,102.715303,25.035601,,,,,,,,,,,3,33591
昆明悠客青年公寓,102.71566999999999,25.03624,,,,,,,,,,,3,34687
海乐主题酒店,102.71559,25.03578,,,,,,,,,,,3,34844
聚兴大厦,102.71543,25.03521,,,,,,,,,,,3,36023
华尔顿大厦,102.71593,25.03558,,,,,,,,,,,3,36024
昆明市西山区住房和城乡建设局第一房管所,102.71547,25.034747,,,,,,,,,,,3,36817
中国科学院昆明分院,102.715064,25.035407,,,,,,,,,,,3,38135
云南省农村科技服务中心,102.715064,25.035407,,,,,,,,,,,3,38483
富滇银行聚兴支行,102.71542,25.03503,,,,,,,,,,,3,40450
德豪保险代理有限公司,102.71566999999999,25.03624,,,,,,,,,,,3,41410
云南省昆明市东寺塔步行街,102.715917,25.035639999999997,,,,,,,,,,,1,42860
碧美田园火锅乐园,102.71429,25.03614,,,,,,,,,,,3,20805
莲上泰式海鲜火锅,102.71429,25.03614,,,,,,,,,,,3,22626
滇禧园滚锅牛肉,102.71429,25.03614,,,,,,,,,,,3,22990
富侨足道钻石馆,102.71429,25.03614,,,,,,,,,,,3,26499
春晖公安大院,102.7140732,25.03469086,,,,,,,,,,,2,56
熙泽苑,102.713992,25.034613,,,,,,,,,,,1,1700
花溪牛肉米线,102.71383,25.03424,,,,,,,,,,,3,7426
陈氏巍山风味园,102.71384,25.03417,,,,,,,,,,,3,9057
波啦,102.71327,25.03485,,,,,,,,,,,3,10134
拾味居小锅米线金碧店,102.71382,25.034299999999998,,,,,,,,,,,3,10358
优北町,102.71378,25.03527,,,,,,,,,,,3,10446
孙记卤面馆,102.71381,25.034329999999997,,,,,,,,,,,3,10584
花溪牛肉米线,102.71383,25.03404,,,,,,,,,,,3,14873
陈氏巍山风味园,102.71384,25.03397,,,,,,,,,,,3,16504
波啦,102.71327,25.03465,,,,,,,,,,,3,17581
老幺火锅,102.71355,25.03528,,,,,,,,,,,3,17682
拾味居小锅米线金碧店,102.71382,25.0341,,,,,,,,,,,3,17805
优北町,102.71378,25.03507,,,,,,,,,,,3,17893
孙记卤面馆,102.71381,25.034129999999998,,,,,,,,,,,3,18031
三餐秘书高品质便当专卖（金碧店）,102.71401,25.03408,,,,,,,,,,,3,19818
老街活蟹汇,102.71354000000001,25.035429999999998,,,,,,,,,,,3,20613
朱大肠,102.71383,25.033920000000002,,,,,,,,,,,3,21742
滇味老家味道菜馆,102.71423,25.03404,,,,,,,,,,,3,22017
富源酸汤猪脚火锅,102.71355,25.0352,,,,,,,,,,,3,22806
大理一味香小吃金碧店,102.71398,25.03397,,,,,,,,,,,3,22975
捌零,102.71378,25.03519,,,,,,,,,,,3,25963
YMCA　CLUB,102.71378,25.03519,,,,,,,,,,,3,26485
青年会1933,102.71377,25.0354,,,,,,,,,,,3,27103
陌上·花开,102.71378,25.03519,,,,,,,,,,,3,28588
动感世界,102.71377,25.03554,,,,,,,,,,,3,28677
飞佛发廊,102.71433,25.03493,,,,,,,,,,,3,29801
昆明市公安局五华区分局护国派出所,102.713084,25.034641,,,,,,,,,,,3,36559
春晖公安大院,102.7140732,25.03489086,,,,,,,,,,,2,41935
七0驿,102.71418,25.036720000000003,,,,,,,,,,,3,27220
魔笛音乐酒吧,102.71408000000001,25.03576,,,,,,,,,,,3,27342
新标榜美发连锁·造型烫染名店NO．19,102.71375,25.036189999999998,,,,,,,,,,,3,28162
狄俄尼索现场音乐吧,102.71429,25.03614,,,,,,,,,,,3,28752
云南省京剧院,102.71474,25.03603,,,,,,,,,,,3,29216
千旅晨精品酒店,102.71481999999999,25.03603,,,,,,,,,,,3,35185
尚品居家居酒店,102.71481999999999,25.03603,,,,,,,,,,,3,35186
昆明市公安局交警支队三大队,102.71345,25.036020999999998,,,,,,,,,,,3,36964
昆明市明信公证处,102.71520100000001,25.036455,,,,,,,,,,,3,37209
中国建设银行ATM,102.71522,25.03616,,,,,,,,,,,3,40429
大得饭庄,102.715676,25.036710999999997,,,,,,,,,,,1,4281
香格里拉咖啡厅,102.71582,25.03714,,,,,,,,,,,3,14399
地平线西餐厅,102.71582,25.03714,,,,,,,,,,,3,14400
LOBBY　BAR,102.71582,25.03714,,,,,,,,,,,3,18811
天恒大酒店－意恒宫,102.71582,25.03714,,,,,,,,,,,3,20565
华一广场,102.71669,25.03714,,,,,,,,,,,3,35986
盘龙区教师进修学校,102.71561700000001,25.036629,,,,,,,,,,,3,39984
中国建设银行昆明建业支行,102.71644,25.03717,,,,,,,,,,,3,40749
中国农业银行昆明市分行营业办公大楼,102.71641,25.03795,,,,,,,,,,,3,36104
