name,longitude,latitude,phone,address,district,city,area,zipcodetype,datatype,date,creator,source,index
茂山美川全羊汤锅,102.66993000000001,25.04305,,,,,,,,,,,3,22957
西武小区,102.668319,25.043000000000003,,,,,,,,,,,1,1715
千禧龙庭幼儿园,102.668719,25.042839999999998,,,,,,,,,,,1,2335
丁然居咖啡,102.669169,25.042811,,,,,,,,,,,1,4138
弥勒竹园献兰卤鸡卷粉连锁店,102.66939,25.04147,,,,,,,,,,,3,7876
羊味到,102.66839,25.041339999999998,,,,,,,,,,,3,7150
大济州韩国料理,102.66824,25.0416,,,,,,,,,,,3,9432
九九卤面,102.66779,25.04102,,,,,,,,,,,3,9833
四川宜宾筠连水粉,102.66924,25.04147,,,,,,,,,,,3,10189
晶华草墩屋,102.66815,25.04159,,,,,,,,,,,3,11428
地道思茅,102.66677,25.040960000000002,,,,,,,,,,,3,6008
酒富盛名红酒屋,102.6654411,25.04127713,,,,,,,,,,,1,3348
富源酸菜猪脚,102.66635,25.04095,,,,,,,,,,,3,5887
水稻清香食坊,102.66574,25.040979999999998,,,,,,,,,,,3,6868
关河土菜,102.66568000000001,25.040989999999997,,,,,,,,,,,3,6869
正宗陕西风味小吃,102.66606,25.040960000000002,,,,,,,,,,,3,7137
大理永平黄焖鸡,102.66577,25.04097,,,,,,,,,,,3,7216
蜀香园,102.66587,25.04097,,,,,,,,,,,3,8299
土罐猪肚白果鸡火锅,102.66627,25.04095,,,,,,,,,,,3,9588
东北龙老灶台,102.6658,25.04097,,,,,,,,,,,3,11760
水稻清香食坊,102.66574,25.040779999999998,,,,,,,,,,,3,14315
关河土菜,102.66568000000001,25.040789999999998,,,,,,,,,,,3,14316
正宗陕西风味小吃,102.66606,25.040760000000002,,,,,,,,,,,3,14584
大理永平黄焖鸡,102.66577,25.040770000000002,,,,,,,,,,,3,14663
蜀香园,102.66587,25.040770000000002,,,,,,,,,,,3,15746
东北龙老灶台,102.6658,25.040770000000002,,,,,,,,,,,3,19207
咿辣辣干锅鸭,102.66564,25.040779999999998,,,,,,,,,,,3,21078
炭香牛瓢牛肉馆,102.66615,25.040760000000002,,,,,,,,,,,3,21530
假发,102.66622,25.04169,,,,,,,,,,,3,26045
玉人堂美容沙龙NO．2,102.66628,25.04102,,,,,,,,,,,3,26058
宝丽卓蔓美容养生馆,102.66511,25.04187,,,,,,,,,,,3,26360
夜尚浓妆美容美体会所,102.66565,25.04104,,,,,,,,,,,3,27960
秋苑二期,102.66485,25.04278,,,,,,,,,,,1,2278
瘦狐体雕馆,102.6651,25.041970000000003,,,,,,,,,,,3,27964
云南省传染病医院综合门诊部,102.66475,25.043023,,,,,,,,,,,3,31129
西苑凯苑社区卫生站,102.665061,25.042056,,,,,,,,,,,3,32216
西西里和园（和园小区）,102.6638587,25.04243554,,,,,,,,,,,2,388
李长春医馆,102.664327,25.042118,,,,,,,,,,,3,33521
西西里和园（和园小区）,102.6638587,25.04263554,,,,,,,,,,,2,42267
兰迪美聚汇,102.66535999999999,25.041539999999998,,,,,,,,,,,3,28117
赵氏兄弟专业修脚房,102.66587,25.04185,,,,,,,,,,,3,28182
巧手足疗保健NO．1,102.66614,25.04172,,,,,,,,,,,3,29583
一心堂高美云安连锁店,102.66535999999999,25.041307999999997,,,,,,,,,,,3,32993
昆明市西苑街道办,102.664999,25.040474,,,,,,,,,,,3,36374
云南省高速公路交巡警支队,102.664999,25.040474,,,,,,,,,,,3,36490
云南赛福特驾校,102.66511,25.041629999999998,,,,,,,,,,,3,39023
建萍好吃坊,102.6666,25.04095,,,,,,,,,,,3,6047
赵记会泽草山大锅全羊馆,102.66651999999999,25.040960000000002,,,,,,,,,,,3,6048
马祥黄焖全羊高美云安店,102.66642,25.04095,,,,,,,,,,,3,6753
黑龙江饺子店,102.66705999999999,25.04095,,,,,,,,,,,3,7535
东北塞北雪家乡菜,102.66724,25.04095,,,,,,,,,,,3,7750
满庭香,102.66663,25.04094,,,,,,,,,,,3,7765
三棵树,102.6667,25.04094,,,,,,,,,,,3,8632
巍客坊,102.66683,25.04094,,,,,,,,,,,3,8633
永顺小锅米线,102.667,25.04095,,,,,,,,,,,3,11279
抚仙湖铜锅清汤蘸水鱼,102.66774000000001,25.0408,,,,,,,,,,,3,11456
老鬼鸡汤饭专营NO．2,102.66748,25.04082,,,,,,,,,,,3,11458
呈利庄苗家风味,102.66696,25.04094,,,,,,,,,,,3,11763
富源酸菜猪脚,102.66635,25.04075,,,,,,,,,,,3,13334
地道思茅,102.66677,25.040760000000002,,,,,,,,,,,3,13455
建萍好吃坊,102.6666,25.04075,,,,,,,,,,,3,13494
赵记会泽草山大锅全羊馆,102.66651999999999,25.040760000000002,,,,,,,,,,,3,13495
马祥黄焖全羊高美云安店,102.66642,25.04075,,,,,,,,,,,3,14200
满庭香,102.66663,25.04074,,,,,,,,,,,3,15212
三棵树,102.6667,25.04074,,,,,,,,,,,3,16079
土罐猪肚白果鸡火锅,102.66627,25.04075,,,,,,,,,,,3,17035
紫雅服饰,102.66654,25.040760000000002,,,,,,,,,,,3,20556
聚傣缘,102.66658000000001,25.04075,,,,,,,,,,,3,22349
思思凯美容美体中心,102.66685,25.04101,,,,,,,,,,,3,25913
造型攻略,102.66639,25.041610000000002,,,,,,,,,,,3,26086
公主道连锁之美天下,102.66679,25.041420000000002,,,,,,,,,,,3,26207
西山区李坚口腔诊所,102.666692,25.040994,,,,,,,,,,,3,30097
康复医院大药房,102.66715,25.041283,,,,,,,,,,,3,30548
天开药业公司开开宝药堂,102.666864,25.04136,,,,,,,,,,,3,31668
云南省农村信用社ATM,102.66728,25.04159,,,,,,,,,,,3,41027
老农傅八分店,102.66853,25.04165,,,,,,,,,,,3,11991
羊味到,102.66839,25.04114,,,,,,,,,,,3,14597
大济州韩国料理,102.66824,25.0414,,,,,,,,,,,3,16879
九九卤面,102.66779,25.04082,,,,,,,,,,,3,17280
四川宜宾筠连水粉,102.66924,25.04127,,,,,,,,,,,3,17636
晶华草墩屋,102.66815,25.04139,,,,,,,,,,,3,18875
老农傅八分店,102.66853,25.04145,,,,,,,,,,,3,19438
川味坊,102.66934,25.04127,,,,,,,,,,,3,21394
发际线概念店,102.66887,25.04146,,,,,,,,,,,3,24629
发丝图烫染专门店NO．3,102.66798,25.04137,,,,,,,,,,,3,24750
鸟窝咖啡屋酒吧,102.66891,25.04114,,,,,,,,,,,3,26245
淑颜美容美体护理中心,102.66884,25.04093,,,,,,,,,,,3,26667
纤姿女子减肥院凯苑NO．28,102.66915,25.040860000000002,,,,,,,,,,,3,29519
健之佳健康药房NO．073,102.66834899999999,25.041423,,,,,,,,,,,3,30332
李程口腔诊所,102.669073,25.041487,,,,,,,,,,,3,30365
肿瘤研究所附属门诊,102.667913,25.041145999999998,,,,,,,,,,,3,31481
西苑凯苑社区卫生站,102.66865899999999,25.04146,,,,,,,,,,,3,31723
一心堂昆明凯苑路连锁店,102.667778,25.040679,,,,,,,,,,,3,32185
和顺堂中医馆,102.66780899999999,25.041124,,,,,,,,,,,3,33010
中国民生银行ATM,102.66882,25.04146,,,,,,,,,,,3,41859
弥勒竹园献兰卤鸡卷粉连锁店,102.66939,25.04127,,,,,,,,,,,3,15323
思美颜美容美体会所,102.66945,25.0415,,,,,,,,,,,3,23350
友瑞医疗设备公司西苑经营部,102.669421,25.041501999999998,,,,,,,,,,,3,30064
云南仟龙贸易有限公司,102.669816,25.041611,,,,,,,,,,,3,30470
长兴医药保健公司昆州路大药房,102.669501,25.041532,,,,,,,,,,,3,31345
昆明欣鑫医疗器械公司,102.669814,25.041881,,,,,,,,,,,3,32067
天都宾馆,102.66983,25.0422,,,,,,,,,,,3,34678
富滇银行ATM,102.66946999999999,25.04127,,,,,,,,,,,3,40831
