name,longitude,latitude,phone,address,district,city,area,zipcodetype,datatype,date,creator,source,index
金实雄达片区餐饮美食街,102.72889,25.07141,,,,,,,,,,,3,23315
福麟餐厅,102.72859,25.07013,,,,,,,,,,,3,18338
阿里天福园金星总店,102.72799,25.0698,,,,,,,,,,,3,19009
山乡情饭店,102.72864,25.07025,,,,,,,,,,,3,20584
福盛正宗富源酸菜爽口火锅园金星总店,102.72855,25.06991,,,,,,,,,,,3,21956
傣佳楼,102.7287,25.0704,,,,,,,,,,,3,24496
奇珍农家园火锅店,102.72847,25.06968,,,,,,,,,,,3,25410
昆明市艺术学校杂技班,102.727272,25.070516,,,,,,,,,,,3,11448
亮香阁,102.72743,25.06997,,,,,,,,,,,3,21987
阿婆香小吃,102.72746,25.07029,,,,,,,,,,,3,23314
私家便当快餐店,102.72782,25.07009,,,,,,,,,,,3,26413
有田农家园,102.72781,25.06985,,,,,,,,,,,3,28000
 ,102.7269124,25.07121432,,,,,,,,,,,3,30118
 ,102.7274945,25.06986378,,,,,,,,,,,3,30750
 ,102.727742,25.07067635,,,,,,,,,,,3,30910
 ,102.7274845,25.07105556,,,,,,,,,,,3,30911
金星立交桥,102.72585,25.07171,,,,,,,,,,,2,5089
 ,102.7260153,25.07119961,,,,,,,,,,,3,29019
 ,102.7258765,25.0712438,,,,,,,,,,,3,29428
 ,102.7253664,25.07165343,,,,,,,,,,,3,30073
 ,102.7259204,25.07123273,,,,,,,,,,,3,30418
 ,102.7265072,25.07134586,,,,,,,,,,,3,30984
 ,102.7264984,25.07106393,,,,,,,,,,,3,31039
 ,102.7254364,25.07137439,,,,,,,,,,,3,31728
 ,102.7265602,25.07149274,,,,,,,,,,,3,32292
 ,102.7265132,25.07138883,,,,,,,,,,,3,32410
 ,102.7255282,25.07135126,,,,,,,,,,,3,33901
 ,102.7248964,25.07178906,,,,,,,,,,,3,34196
 ,102.7254373,25.07163732,,,,,,,,,,,3,34801
 ,102.7253466,25.07139851,,,,,,,,,,,3,34930
 ,102.7250221,25.07175788,,,,,,,,,,,3,35991
 ,102.7259501,25.07218448,,,,,,,,,,,3,36005
 ,102.7265033,25.07136687,,,,,,,,,,,3,36265
 ,102.7256708,25.07226786,,,,,,,,,,,3,36908
 ,102.7259584,25.07122269,,,,,,,,,,,3,37875
 ,102.7266548,25.07172957,,,,,,,,,,,3,37887
 ,102.7260511,25.07119254,,,,,,,,,,,3,37939
 ,102.7258267,25.07125487,,,,,,,,,,,3,38532
 ,102.7267526,25.07198738,,,,,,,,,,,3,39639
 ,102.72564399999999,25.07131809,,,,,,,,,,,3,40269
 ,102.72658100000001,25.07153472,,,,,,,,,,,3,40580
 ,102.7261139,25.07143338,,,,,,,,,,,3,41123
 ,102.72508309999999,25.071738800000002,,,,,,,,,,,3,41861
 ,102.72532659999999,25.07166149,,,,,,,,,,,3,41972
 ,102.7255651,25.07134221,,,,,,,,,,,3,41993
 ,102.72548520000001,25.071360300000002,,,,,,,,,,,3,42103
 ,102.7260821,25.0711835,,,,,,,,,,,3,42104
 ,102.72573670000001,25.07223875,,,,,,,,,,,3,42159
 ,102.7249772,25.07176494,,,,,,,,,,,3,43780
 ,102.7250552,25.071453899999998,,,,,,,,,,,3,43836
 ,102.7251729,25.07170869,,,,,,,,,,,3,44888
 ,102.7249353,25.07177799,,,,,,,,,,,3,44979
 ,102.7257737,25.0712919,,,,,,,,,,,3,44997
 ,102.72580740000001,25.07223065,,,,,,,,,,,3,45563
 ,102.7256279,25.07158706,,,,,,,,,,,3,46513
 ,102.726623,25.07130072,,,,,,,,,,,3,46960
 ,102.72528359999998,25.07141457,,,,,,,,,,,3,47227
 ,102.72528359999998,25.07207045,,,,,,,,,,,3,47951
 ,102.726614,25.07163467,,,,,,,,,,,3,48286
 ,102.72540040000001,25.07139041,,,,,,,,,,,3,49080
 ,102.7252966,25.07167449,,,,,,,,,,,3,49086
 ,102.725555,25.07160515,,,,,,,,,,,3,51122
 ,102.72612009999999,25.07118444,,,,,,,,,,,3,51714
 ,102.726608,25.0710188,,,,,,,,,,,3,31255
 ,102.7271041,25.07088312,,,,,,,,,,,3,33085
 ,102.7267049,25.07099067,,,,,,,,,,,3,33172
 ,102.72721,25.07130288,,,,,,,,,,,3,33655
 ,102.7274146,25.07076572,,,,,,,,,,,3,33870
 ,102.7274755,25.07074461,,,,,,,,,,,3,34018
 ,102.7274485,25.07106258,,,,,,,,,,,3,34078
 ,102.727166,25.07085104,,,,,,,,,,,3,36169
 ,102.7277161,25.07068535,,,,,,,,,,,3,36283
 ,102.7272668,25.07109885,,,,,,,,,,,3,37404
 ,102.727211,25.070841,,,,,,,,,,,3,38058
 ,102.7267868,25.07096556,,,,,,,,,,,3,38284
 ,102.7272089,25.07112891,,,,,,,,,,,3,38363
 ,102.7275732,25.07072148,,,,,,,,,,,3,38476
 ,102.7272328,25.07139284,,,,,,,,,,,3,39202
 ,102.7273239,25.07020097,,,,,,,,,,,3,39281
 ,102.72769,25.07069138,,,,,,,,,,,3,39598
 ,102.72735159999999,25.07079879,,,,,,,,,,,3,40040
 ,102.72688670000001,25.07093141,,,,,,,,,,,3,41767
 ,102.7268267,25.07122242,,,,,,,,,,,3,41971
昆明市盘龙区工商局行政管理局金辰分局,102.72591,25.070023,,,,,,,,,,,3,7724
麦隆咖啡同德广场店,102.72486,25.06949,,,,,,,,,,,2,5074
桥香园,102.72563,25.06914,,,,,,,,,,,2,5097
金星小区(西门),102.72516,25.06891,,,,,,,,,,,2,5102
市检察院公交站,102.72512,25.06978,,,,,,,,,,,2,5103
亨德森外国语学校金星教学区,102.725606,25.069076,,,,,,,,,,,3,9204
江氏兄弟桥香园NO．8,102.72526,25.06914,,,,,,,,,,,3,23289
江氏兄弟桥香园NO．8,102.72526,25.06914,,,,,,,,,,,3,28233
 ,102.72573,25.06988529,,,,,,,,,,,3,32585
 ,102.7256393,25.06961948,,,,,,,,,,,3,44275
 ,102.72567729999999,25.06973243,,,,,,,,,,,3,47256
利科大厦,102.72542,25.06939,,,,,,,,,,,3,69487
 ,102.7258457,25.07021708,,,,,,,,,,,3,35018
 ,102.726247,25.07065439,,,,,,,,,,,3,38547
 ,102.7268208,25.07033867,,,,,,,,,,,3,42105
 ,102.726238,25.07061042,,,,,,,,,,,3,49081
金星广场C幢,102.72646999999999,25.070420000000002,,,,,,,,,,,3,69348
金星广场A幢C座D座,102.72588,25.069979999999997,,,,,,,,,,,3,69433
 ,102.7268726,25.07120838,,,,,,,,,,,3,42119
 ,102.7267328,25.07126454,,,,,,,,,,,3,43263
 ,102.7267538,25.07097258,,,,,,,,,,,3,43802
 ,102.72731359999999,25.07108279,,,,,,,,,,,3,44876
 ,102.72790390000002,25.07092722,,,,,,,,,,,3,46906
 ,102.7279838,25.07043519,,,,,,,,,,,3,47262
 ,102.72752440000001,25.07073255,,,,,,,,,,,3,47919
 ,102.72766209999999,25.07069637,,,,,,,,,,,3,48074
 ,102.7266401,25.07100476,,,,,,,,,,,3,48285
 ,102.7278569,25.07092727,,,,,,,,,,,3,49082
 ,102.7273556,25.07107775,,,,,,,,,,,3,49684
 ,102.72740259999999,25.07108265,,,,,,,,,,,3,49751
 ,102.7267868,25.07125149,,,,,,,,,,,3,49949
 ,102.72795079999999,25.0709162,,,,,,,,,,,3,50144
 ,102.7268107,25.07095053,,,,,,,,,,,3,50736
 ,102.72782480000001,25.07093928,,,,,,,,,,,3,51712
优嘉养生会馆,102.72787,25.06984,,,,,,,,,,,3,56136
立勋推拿老店,102.72766,25.06991,,,,,,,,,,,3,59751
盘龙陈瑛口腔诊所,102.72757800000001,25.070185000000002,,,,,,,,,,,3,64221
晨晨官渡小锅,102.72844,25.07047,,,,,,,,,,,3,26683
八面风火锅,102.72822,25.06998,,,,,,,,,,,3,27044
腾冲特色饵丝店,102.72817,25.06976,,,,,,,,,,,3,27840
文山风味园金星店,102.72856,25.07001,,,,,,,,,,,3,28393
 ,102.7288278,25.07064768,,,,,,,,,,,3,28990
 ,102.7287958,25.07037372,,,,,,,,,,,3,31297
 ,102.7292693,25.07053244,,,,,,,,,,,3,32475
 ,102.7290206,25.0705976,,,,,,,,,,,3,32621
 ,102.7285382,25.07072184,,,,,,,,,,,3,36391
 ,102.7291075,25.07058054,,,,,,,,,,,3,38480
 ,102.7289657,25.07061362,,,,,,,,,,,3,39019
 ,102.7284343,25.07049693,,,,,,,,,,,3,39356
 ,102.7293383,25.07053541,,,,,,,,,,,3,42131
 ,102.7292333,25.07053946,,,,,,,,,,,3,42786
 ,102.7284862,25.0707389,,,,,,,,,,,3,42790
 ,102.7283764,25.07085396,,,,,,,,,,,3,43102
 ,102.728588,25.07071181,,,,,,,,,,,3,43893
 ,102.7287758,25.07066973,,,,,,,,,,,3,45861
 ,102.728675,25.0704108,,,,,,,,,,,3,46908
 ,102.7283863,25.07050598,,,,,,,,,,,3,47370
怡红美发工作室,102.72838,25.069589999999998,,,,,,,,,,,3,51820
首秀发型印象,102.72816999999999,25.07,,,,,,,,,,,3,58013
 ,102.7281335,25.07098707,,,,,,,,,,,3,32889
 ,102.7281425,25.07100908,,,,,,,,,,,3,35016
 ,102.72814559999999,25.07102307,,,,,,,,,,,3,40054
 ,102.7291435,25.07178645,,,,,,,,,,,3,43499
