name,longitude,latitude,phone,address,district,city,area,zipcodetype,datatype,date,creator,source,index
 ,102.7272195,25.06747374,,,,,,,,,,,3,36944
 ,102.7269943,25.06607739,,,,,,,,,,,3,36521
颐欣里,102.72672,25.06517,,,,,,,,,,,2,5088
同德昆明广场,102.72555,25.06447,,,,,,,,,,,2,5071
颐园里,102.72643,25.06468,,,,,,,,,,,2,5073
满记甜品,102.72544,25.06472,,,,,,,,,,,2,5076
云南神墨学堂,102.72627,25.064073,,,,,,,,,,,3,9435
天香阁丽江腊排骨火锅店,102.72562,25.06445,,,,,,,,,,,3,19479
四季小吃,102.72557,25.06446,,,,,,,,,,,3,20457
伊林大酥牛肉面,102.72626,25.06433,,,,,,,,,,,3,23101
老昆明特色小锅米线,102.72574,25.06443,,,,,,,,,,,3,28473
民家小厨房,102.7258,25.06442,,,,,,,,,,,3,28474
 ,102.725212,25.06430817,,,,,,,,,,,3,29572
 ,102.7246612,25.06419302,,,,,,,,,,,3,30037
 ,102.7264484,25.06439331,,,,,,,,,,,3,30838
 ,102.7257818,25.06532328,,,,,,,,,,,3,31156
 ,102.7248997,25.06390664,,,,,,,,,,,3,33038
 ,102.7254904,25.06464378,,,,,,,,,,,3,35068
 ,102.7253597,25.06447796,,,,,,,,,,,3,36240
 ,102.7254087,25.0649109,,,,,,,,,,,3,37522
 ,102.7255833,25.06510859,,,,,,,,,,,3,42446
 ,102.7256292,25.0651625,,,,,,,,,,,3,45636
 ,102.7248736,25.0638557,,,,,,,,,,,3,46212
 ,102.7254515,25.06495982,,,,,,,,,,,3,48855
 ,102.72567509999999,25.06520943,,,,,,,,,,,3,51275
漫雪发艺空间,102.72549000000001,25.064429999999998,,,,,,,,,,,3,52942
唯枫暗香,102.72627,25.06407,,,,,,,,,,,3,54829
章飞一绝美容院,102.72549000000001,25.065179999999998,,,,,,,,,,,3,58914
欣良乐凯发艺,102.72627,25.06407,,,,,,,,,,,3,59802
健之佳健康药房,102.72614,25.064984,,,,,,,,,,,3,63766
颐欣里(南门),102.72668,25.06529,,,,,,,,,,,2,5091
兰老鸭,102.72709,25.064764,,,,,,,,,,,2,5096
金沙公寓,102.7284775,25.06466866,,,,,,,,,,,1,260
麦田时光,102.7284775,25.06466866,,,,,,,,,,,1,274
穿金路农业银行单位宿舍,102.7284775,25.06466866,,,,,,,,,,,1,278
金舟花园,102.7284775,25.06466866,,,,,,,,,,,1,285
兴运家园,102.7284775,25.06466866,,,,,,,,,,,1,286
白庙组团,102.7284775,25.06466866,,,,,,,,,,,1,287
桃源花园,102.7284775,25.06466866,,,,,,,,,,,1,290
北京路花苑,102.7284775,25.06466866,,,,,,,,,,,1,295
鸿兴苑,102.7284775,25.06466866,,,,,,,,,,,1,296
农科院生活区,102.7284775,25.06466866,,,,,,,,,,,1,298
时代之窗,102.7284775,25.06466866,,,,,,,,,,,1,307
新工房铁路住宅小区,102.7284775,25.06466866,,,,,,,,,,,1,308
真爱岁月,102.7284775,25.06466866,,,,,,,,,,,1,309
赢城洋楼,102.7284775,25.06466866,,,,,,,,,,,1,310
城市之光,102.7284775,25.06466866,,,,,,,,,,,1,312
昆铁穿金高层住宅小区,102.7284775,25.06466866,,,,,,,,,,,1,315
小城故事,102.7284775,25.06466866,,,,,,,,,,,1,319
蓝色经典,102.7284775,25.06466866,,,,,,,,,,,1,320
水晶俊园,102.7284775,25.06466866,,,,,,,,,,,1,321
金童花园,102.7284775,25.06466866,,,,,,,,,,,1,343
万源小区,102.7284775,25.06466866,,,,,,,,,,,1,344
星雅俊园,102.7284775,25.06466866,,,,,,,,,,,1,373
颐园里,102.7284775,25.06466866,,,,,,,,,,,1,383
世纪俊园,102.7284775,25.06466866,,,,,,,,,,,1,386
SOHO俊园,102.7284775,25.06466866,,,,,,,,,,,1,388
席子营小区,102.7284775,25.06466866,,,,,,,,,,,1,427
卓越SOHO俊园,102.7284775,25.06466866,,,,,,,,,,,1,432
王旗营小区,102.7284775,25.06466866,,,,,,,,,,,1,433
摩玛二期,102.7284775,25.06466866,,,,,,,,,,,1,445
时光俊园,102.7284775,25.06466866,,,,,,,,,,,1,447
葡萄街区天宇花园,102.7284775,25.06466866,,,,,,,,,,,1,466
万宏国际,102.7284775,25.06466866,,,,,,,,,,,1,470
金尚俊园,102.728959,25.063938,,,,,,,,,,,2,5081
王旗营公交站,102.72753,25.06485,,,,,,,,,,,2,5101
白云路淘宝城,102.72877,25.06448,,,,,,,,,,,2,5124
康驰驾校昆明畅驰陪驾公司,102.728619,25.06483,,,,,,,,,,,3,12458
中国光大银行白云路支行,102.72771,25.06492,,,,,,,,,,,3,14417
中国光大银行ATM,102.72781,25.06489,,,,,,,,,,,3,14635
重庆灵芝田鸡鲜活馆白云路万宏店,102.72944,25.06459,,,,,,,,,,,3,20599
脆鱼轩,102.7283,25.06469,,,,,,,,,,,3,20987
天天美食坊,102.7286,25.06451,,,,,,,,,,,3,24817
 ,102.7275831,25.06450158,,,,,,,,,,,3,32465
 ,102.7285384,25.06410549,,,,,,,,,,,3,36843
 ,102.72880490000001,25.06439826,,,,,,,,,,,3,43554
圣地亚歌KTV,102.72771999999999,25.06455,,,,,,,,,,,3,54294
万紫千红,102.72787,25.064870000000003,,,,,,,,,,,3,54808
皇室NO．4,102.72806,25.06479,,,,,,,,,,,3,56584
一心堂白云路连锁NO．4,102.728121,25.06485,,,,,,,,,,,3,62194
盘龙侯正保中西医诊所,102.728484,25.065082,,,,,,,,,,,3,63705
成源林综合药房白云药店,102.72797,25.064892999999998,,,,,,,,,,,3,63742
万紫千红写字楼,102.72849000000001,25.06514,,,,,,,,,,,3,69582
金尚壹号大厦,102.72808,25.06394,,,,,,,,,,,3,69802
兰老鸭学成饭店,102.72709,25.06477,,,,,,,,,,,3,17031
蒸好吃浏阳蒸菜馆,102.72714,25.06594,,,,,,,,,,,3,21430
草墩饭店,102.72706,25.06576,,,,,,,,,,,3,22111
胖嫂东北水饺金星店,102.72668,25.06599,,,,,,,,,,,3,22327
状元桥石屏眼镜烧烤,102.72678,25.06565,,,,,,,,,,,3,23498
巧姑娘川香秘制冒菜馆全国连锁金星店,102.72708,25.0658,,,,,,,,,,,3,23987
5家卤面馆二十分店,102.72678,25.06597,,,,,,,,,,,3,26980
成都担担面,102.72705,25.06572,,,,,,,,,,,3,27973
铜锅洋芋饭,102.72709,25.06582,,,,,,,,,,,3,27974
 ,102.7269664,25.06578048,,,,,,,,,,,3,29592
 ,102.7261769,25.06571262,,,,,,,,,,,3,30563
 ,102.7264864,25.0660161,,,,,,,,,,,3,30725
 ,102.7263247,25.06585838,,,,,,,,,,,3,32316
 ,102.7262867,25.06581144,,,,,,,,,,,3,33325
 ,102.7263816,25.06556237,,,,,,,,,,,3,33543
 ,102.7260882,25.06560876,,,,,,,,,,,3,33997
 ,102.7262408,25.06577652,,,,,,,,,,,3,34234
 ,102.726113,25.06563572,,,,,,,,,,,3,35213
 ,102.72614,25.06528674,,,,,,,,,,,3,39673
 ,102.72645340000001,25.06597515,,,,,,,,,,,3,42301
 ,102.7262178,25.06575654,,,,,,,,,,,3,42302
 ,102.726155,25.06568463,,,,,,,,,,,3,42303
 ,102.7259136,25.06544105,,,,,,,,,,,3,42304
 ,102.7260603,25.0655828,,,,,,,,,,,3,42417
 ,102.7264214,25.06592822,,,,,,,,,,,3,42543
 ,102.726139,25.06564967,,,,,,,,,,,3,44572
 ,102.7258985,25.06541607,,,,,,,,,,,3,46698
 ,102.7262648,25.06543457,,,,,,,,,,,3,47469
 ,102.7263735,25.06589028,,,,,,,,,,,3,47793
 ,102.7259505,25.06546998,,,,,,,,,,,3,50775
 ,102.7258816,25.06539708,,,,,,,,,,,3,51129
吧吧Bａｒ,102.72644,25.06496,,,,,,,,,,,3,53629
红妆皮肤护理工作室,102.72681999999999,25.06576,,,,,,,,,,,3,53933
名剪艺人发艺中心连锁店,102.72645,25.06529,,,,,,,,,,,3,54809
易心网城,102.72674,25.06479,,,,,,,,,,,3,55072
鑫缘茶室,102.72661,25.066010000000002,,,,,,,,,,,3,55662
清逸足疗堂,102.72652,25.06602,,,,,,,,,,,3,58224
康宝宠物门诊,102.726738,25.065970999999998,,,,,,,,,,,3,60197
金星东社区卫生站,102.726275,25.065361,,,,,,,,,,,3,63942
盘龙区腾蛟口腔诊所,102.726987,25.065185,,,,,,,,,,,3,64058
 ,102.7270492,25.06624025,,,,,,,,,,,3,36585
玉园茶室,102.72639000000001,25.06607,,,,,,,,,,,3,51783
现代精典发艺设计专业汤染店,102.72714,25.06673,,,,,,,,,,,3,51896
二月休闲坊,102.72661,25.06634,,,,,,,,,,,3,54075
明珠护肤厅,102.72678,25.066270000000003,,,,,,,,,,,3,54384
桂坊茶楼,102.72646999999999,25.06605,,,,,,,,,,,3,55091
美成,102.72717,25.06684,,,,,,,,,,,3,58144
六本木茶室,102.72633,25.06609,,,,,,,,,,,3,59023
