name,longitude,latitude,phone,address,district,city,area,zipcodetype,datatype,date,creator,source,index
学成饭店新闻路店,102.6925,25.03574,,,,,,,,,,,3,22344
嘉华饼屋(新闻路),102.69137,25.035496,,,,,,,,,,,2,3391
辣辣小吃豆花米线,102.689735,25.035513,,,,,,,,,,,2,3365
辛芭达慢摇吧,102.69058,25.03536,,,,,,,,,,,2,3392
东陆城,102.6901642,25.03657675,,,,,,,,,,,1,951
环西桥(大观路)公交站,102.69063,25.03704,,,,,,,,,,,2,3237
聚湘源,102.6894,25.036747,,,,,,,,,,,2,3411
昆明市交通局（旧）,102.690205,25.035723,,,,,,,,,,,3,6489
新里程文化教育培训中心,102.689365,25.036771,,,,,,,,,,,3,9864
聚湘源酒楼,102.6894,25.03675,,,,,,,,,,,3,17862
林山饭店,102.68945,25.03716,,,,,,,,,,,3,22017
 ,102.6904829,25.03591565,,,,,,,,,,,3,30703
 ,102.6902534,25.03631597,,,,,,,,,,,3,31113
 ,102.6901557,25.03642113,,,,,,,,,,,3,33533
 ,102.6904559,25.03594868,,,,,,,,,,,3,33922
 ,102.6903811,25.03607877,,,,,,,,,,,3,34784
 ,102.6903332,25.03619987,,,,,,,,,,,3,35553
 ,102.6902932,25.03626494,,,,,,,,,,,3,39405
 ,102.6904939,25.03582362,,,,,,,,,,,3,43093
 ,102.6901966,25.03637105,,,,,,,,,,,3,48131
秋园,102.69012,25.03592,,,,,,,,,,,3,52020
力乐网吧,102.6904,25.03637,,,,,,,,,,,3,56753
石屏客房部,102.68947,25.03707,,,,,,,,,,,3,65169
 ,102.6905227,25.03572858,,,,,,,,,,,3,30281
 ,102.6901856,25.03493217,,,,,,,,,,,3,34026
 ,102.6902693,25.03491305,,,,,,,,,,,3,35939
 ,102.6905387,25.03568057,,,,,,,,,,,3,39955
 ,102.69004090000001,25.03492641,,,,,,,,,,,3,40703
新闻路图书批发市场,102.68851,25.03452,,,,,,,,,,,2,3339
玉溪大营街米线店,102.68746,25.0337,,,,,,,,,,,2,3338
新月幼儿园,102.68761,25.03419,,,,,,,,,,,2,3348
新月贝贝幼儿园,102.687548,25.034196,,,,,,,,,,,3,10649
鸿运牛菜馆,102.68806,25.03405,,,,,,,,,,,3,17730
异香牛汤锅,102.68785,25.034,,,,,,,,,,,3,20307
鲜宜洁,102.68793,25.03402,,,,,,,,,,,3,21847
成都担担面,102.6881,25.03406,,,,,,,,,,,3,24076
贵州六盘水曾记羊肉米线,102.68752,25.03386,,,,,,,,,,,3,26346
何爹浏阳蒸菜全国连锁新闻路图书城店,102.68824,25.03407,,,,,,,,,,,3,28820
 ,102.6864824,25.03380317,,,,,,,,,,,3,30509
 ,102.6870901,25.03351719,,,,,,,,,,,3,34377
 ,102.6870493,25.03350428,,,,,,,,,,,3,34448
 ,102.6868806,25.03349352,,,,,,,,,,,3,34656
 ,102.6865264,25.03390806,,,,,,,,,,,3,37781
 ,102.68700340000001,25.03349532,,,,,,,,,,,3,39216
 ,102.6874883,25.03348457,,,,,,,,,,,3,40065
金玉缘(金玉源南),102.68725,25.03238,,,,,,,,,,,2,3332
 ,102.6867179,25.0317059,,,,,,,,,,,3,33789
 ,102.68701329999999,25.03229342,,,,,,,,,,,3,39605
 ,102.6875043,25.03280457,,,,,,,,,,,3,41784
 ,102.6867578,25.03174086,,,,,,,,,,,3,44182
 ,102.6869454,25.03223852,,,,,,,,,,,3,51400
 ,102.6874384,25.03349465,,,,,,,,,,,3,43291
 ,102.6865663,25.03380501,,,,,,,,,,,3,45208
 ,102.6877237,25.03350018,,,,,,,,,,,3,46627
 ,102.6872458,25.03350095,,,,,,,,,,,3,47231
芳草发艺,102.68800999999999,25.034029999999998,,,,,,,,,,,3,52554
西山区徐崇昭诊所,102.68696800000001,25.033582,,,,,,,,,,,3,62538
圣路易酒店,102.6881,25.03357,,,,,,,,,,,3,66987
中国光大银行ATM,102.68869,25.03448,,,,,,,,,,,3,14001
 ,102.6892845,25.03490463,,,,,,,,,,,3,40820
 ,102.6890968,25.03489689,,,,,,,,,,,3,41846
 ,102.6881798,25.03452141,,,,,,,,,,,3,42226
云上四季连锁酒店新闻路店,102.68854,25.03415,,,,,,,,,,,3,65864
 ,102.6905508,25.03564956,,,,,,,,,,,3,42698
 ,102.69011359999999,25.03492628,,,,,,,,,,,3,46088
 ,102.6905666,25.03559651,,,,,,,,,,,3,47997
 ,102.69062059999999,25.03547946,,,,,,,,,,,3,49910
文化空间,102.69055,25.03514,,,,,,,,,,,3,69841
文化空间,102.690969,25.035839,,,,,,,,,,,2,3393
中国工商银行新闻路储蓄所,102.69112,25.03576,,,,,,,,,,,2,3401
昆明市五华区环境卫生管理处,102.691804,25.035746,,,,,,,,,,,3,7124
广发银行ATM,102.69226,25.03549,,,,,,,,,,,3,14258
中国工商银行ATM,102.69105,25.03574,,,,,,,,,,,3,14349
招商银行ATM,102.69101,25.03525,,,,,,,,,,,3,14506
中国工商银行昆明新闻路支行,102.69114,25.03573,,,,,,,,,,,3,15083
恒云小吃,102.69172,25.03577,,,,,,,,,,,3,23428
大维饮品,102.69152,25.03549,,,,,,,,,,,3,26147
 ,102.69083020000001,25.03516914,,,,,,,,,,,3,48203
 ,102.6907384,25.03527629,,,,,,,,,,,3,49422
 ,102.690873,25.034723100000004,,,,,,,,,,,3,50061
兴达乙竹发廊,102.69233,25.0355,,,,,,,,,,,3,56242
云南白药大药房新闻路连锁店,102.69205699999999,25.035486,,,,,,,,,,,3,62226
一心堂环城西路连锁店,102.691156,25.035026000000002,,,,,,,,,,,3,62632
福生大药房新闻路分店,102.692262,25.035487,,,,,,,,,,,3,63716
一心堂昆明新闻路连锁店,102.692437,25.035484,,,,,,,,,,,3,64259
