name,longitude,latitude,phone,address,district,city,area,zipcodetype,datatype,date,creator,source,index
 ,102.6675419,25.0620008,,,,,,,,,,,3,37258
 ,102.6661392,25.06235333,,,,,,,,,,,3,33093
 ,102.6643855,25.06247451,,,,,,,,,,,3,29469
昆明车辆施救中心第二施救站,102.665197,25.06319,,,,,,,,,,,3,8493
中国银行昆明市团源支行,102.66375,25.06375,,,,,,,,,,,2,1128
昆明戛纳影城,102.664581,25.064019,,,,,,,,,,,2,1426
嘎纳影城,102.664524,25.063692,,,,,,,,,,,2,1788
戛纳小镇,102.663658,25.063169,,,,,,,,,,,2,1807
昆明市黑林铺工商局,102.663688,25.064639,,,,,,,,,,,3,7192
中国民生银行戛纳小镇金融便民店,102.6636,25.06356,,,,,,,,,,,3,13199
中国农业银行国际花园支行,102.66395,25.06443,,,,,,,,,,,3,13244
中国光大银行昆明高新支行,102.66395,25.06385,,,,,,,,,,,3,13293
华泰保险专属代理,102.66437,25.0638,,,,,,,,,,,3,13692
中国银行ATM,102.6637,25.06379,,,,,,,,,,,3,13817
中国光大银行ATM,102.66395,25.06385,,,,,,,,,,,3,14017
中国邮政储蓄银行ATM,102.66437,25.0639,,,,,,,,,,,3,14036
中国建设银行ATM,102.66321,25.06326,,,,,,,,,,,3,14907
圣源祥保险代理昆明分公司,102.6637,25.06296,,,,,,,,,,,3,14915
中国银行昆明市团源支行,102.6637,25.06379,,,,,,,,,,,3,14927
中国建设银行海源中路支行,102.66321,25.06326,,,,,,,,,,,3,15308
中国民生银行ATM,102.6636,25.06356,,,,,,,,,,,3,15451
中国农业银行ATM,102.6639,25.06442,,,,,,,,,,,3,15808
海源中路邮政支局中国邮政储蓄银行,102.66429,25.0639,,,,,,,,,,,3,16013
锦隆园,102.66322,25.06305,,,,,,,,,,,3,21924
重庆美蛙鱼头火锅,102.66334,25.06312,,,,,,,,,,,3,24404
鑫贵农家园,102.66323,25.06314,,,,,,,,,,,3,27741
 ,102.66368620000001,25.0644776,,,,,,,,,,,3,49333
淑康按摩足疗室,102.66434,25.06356,,,,,,,,,,,3,53200
尊尼烫染沙龙,102.6645,25.063589999999998,,,,,,,,,,,3,53201
顶呱呱推拿,102.66445,25.063579999999998,,,,,,,,,,,3,53958
恋足堂足浴,102.66342,25.06335,,,,,,,,,,,3,54395
秀域,102.66414,25.063879999999997,,,,,,,,,,,3,54780
好面子靓颜坊,102.66371,25.06312,,,,,,,,,,,3,57623
汪旺宠物诊所,102.663894,25.06346,,,,,,,,,,,3,60084
郑氏中医馆,102.663772,25.063254,,,,,,,,,,,3,61285
东骏大药房戛纳小镇连锁店,102.663583,25.063759,,,,,,,,,,,3,61960
昆明仁泽药业有限公司,102.664198,25.063619,,,,,,,,,,,3,63600
博泰大厦,102.66351999999999,25.06345,,,,,,,,,,,3,69366
西部客运站公交站,102.66595,25.06441,,,,,,,,,,,2,1149
黄土坡立交桥西口公交站,102.66691,25.0645,,,,,,,,,,,2,1197
都霖大酒店,102.66577,25.06411,,,,,,,,,,,2,1723
杨家傣味饭店,102.66542,25.06394,,,,,,,,,,,3,18130
穗港湾休闲会所,102.66598,25.064120000000003,,,,,,,,,,,3,54827
博泰药品专营店,102.66498399999999,25.064591,,,,,,,,,,,3,63596
泰达旅馆,102.66543,25.06396,,,,,,,,,,,3,66927
都霖大酒店,102.66589,25.06413,,,,,,,,,,,3,68197
泰来物流大厦,102.66589,25.06413,,,,,,,,,,,3,69673
 ,102.6650839,25.06242726,,,,,,,,,,,3,30010
 ,102.6651825,25.06242308,,,,,,,,,,,3,30613
 ,102.6652284,25.06241898,,,,,,,,,,,3,43150
 ,102.6656683,25.06240517,,,,,,,,,,,3,44080
 ,102.6654979,25.06240049,,,,,,,,,,,3,47391
 ,102.66541,25.06240967,,,,,,,,,,,3,47437
 ,102.6654449,25.06240859,,,,,,,,,,,3,50819
 ,102.6652394,25.06205601,,,,,,,,,,,3,30574
 ,102.6649382,25.06208954,,,,,,,,,,,3,31263
 ,102.6642289,25.06249679,,,,,,,,,,,3,34055
 ,102.6645781,25.06244418,,,,,,,,,,,3,41344
苏氏老山鱿鱼鸡,102.66323,25.06297,,,,,,,,,,,3,23135
花溪村清汤鹅,102.66321,25.0619,,,,,,,,,,,2,3002
云南省大学科技园,102.66271,25.06173,,,,,,,,,,,2,3154
昆明音乐家协会馨韵琴艺艺术培训中心,102.663683,25.06262,,,,,,,,,,,3,9264
北京龙文教育集团昆明分校,102.663324,25.062027,,,,,,,,,,,3,9310
汤霸鸭鹅香高新区店,102.66338,25.0617,,,,,,,,,,,3,25756
花溪村清汤鹅形象店,102.66334,25.06197,,,,,,,,,,,3,28238
 ,102.6632234,25.06257864,,,,,,,,,,,3,32911
 ,102.66312370000001,25.0625858,,,,,,,,,,,3,43393
 ,102.6633031,25.062592499999997,,,,,,,,,,,3,51584
因嫝朵美疗SPA会所,102.66348,25.06268,,,,,,,,,,,3,58430
福林堂康城国药店,102.66367,25.062473999999998,,,,,,,,,,,3,61706
嘎纳公寓酒店,102.6638,25.062520000000003,,,,,,,,,,,3,65510
120渡酒店公寓戛纳店,102.66382,25.06192,,,,,,,,,,,3,66407
润鼎公寓酒店,102.66377,25.06225,,,,,,,,,,,3,67923
野生菌石锅鱼,102.66325,25.06288,,,,,,,,,,,3,27381
雨波发艺,102.66371,25.0628,,,,,,,,,,,3,54556
 ,102.6652784,25.06205295,,,,,,,,,,,3,33701
 ,102.6658669,25.06203986,,,,,,,,,,,3,35565
 ,102.6654199,25.06205169,,,,,,,,,,,3,35934
 ,102.6666281,25.06232646,,,,,,,,,,,3,36764
 ,102.6663707,25.06196597,,,,,,,,,,,3,39892
 ,102.6670171,25.06202874,,,,,,,,,,,3,43382
 ,102.6655706,25.06203738,,,,,,,,,,,3,44496
 ,102.6666929,25.06071749,,,,,,,,,,,3,30662
 ,102.666679,25.06056755,,,,,,,,,,,3,30966
 ,102.666661,25.06042958,,,,,,,,,,,3,32513
 ,102.666661,25.06031861,,,,,,,,,,,3,34805
 ,102.6667469,25.06123233,,,,,,,,,,,3,35852
 ,102.666692,25.0606445,,,,,,,,,,,3,37192
 ,102.66673370000001,25.06147934,,,,,,,,,,,3,41215
 ,102.66667199999999,25.06050356,,,,,,,,,,,3,41216
 ,102.66672290000001,25.06140936,,,,,,,,,,,3,41794
文翠园(西门),102.66539,25.06093,,,,,,,,,,,2,3000
麻辣烫饨鲜香,102.66508,25.06138,,,,,,,,,,,3,17873
凤翥小吃高新加盟店,102.66498,25.06151,,,,,,,,,,,3,18129
 ,102.66629990000001,25.06108415,,,,,,,,,,,3,41827
 ,102.666712,25.06130541,,,,,,,,,,,3,43879
 ,102.6667458,25.06099235,,,,,,,,,,,3,47497
 ,102.6663228,25.06123809,,,,,,,,,,,3,48627
 ,102.666667,25.06046855,,,,,,,,,,,3,51072
 ,102.66633490000001,25.06150908,,,,,,,,,,,3,51182
