name,longitude,latitude,phone,address,district,city,area,zipcodetype,datatype,date,creator,source,index
 ,102.7134441,25.04903486,,,,,,,,,,,3,30762
樱花丽景公寓,102.7142,25.04962,,,,,,,,,,,2,2608
昆明第一职业中专,102.71343,25.05035,,,,,,,,,,,2,2490
首尔商务水会,102.71411,25.05001,,,,,,,,,,,2,2583
新世界过桥城,102.71377,25.05006,,,,,,,,,,,2,2584
太平洋大厦,102.71356,25.04963,,,,,,,,,,,2,2610
格林豪泰（昆明圆通商务酒店）,102.712611,25.050305,,,,,,,,,,,2,2839
昆明第一职业中专,102.713311,25.050137,,,,,,,,,,,3,9711
五华区职业教育中心,102.713311,25.050137,,,,,,,,,,,3,10358
交通银行ATM,102.71333,25.04977,,,,,,,,,,,3,13308
太平洋产险昆明分公司,102.71345,25.04976,,,,,,,,,,,3,13843
交通银行昆明圆通街支行,102.71328,25.04978,,,,,,,,,,,3,13976
中国太平洋财产保险云南分公司,102.71376,25.04973,,,,,,,,,,,3,15233
中国太平洋人寿保险云南分公司营业部,102.71357,25.04975,,,,,,,,,,,3,15914
太平洋寿险昆明分公司,102.71345,25.04976,,,,,,,,,,,3,15916
快厨小吃餐吧,102.71312,25.05016,,,,,,,,,,,3,19001
新世界过桥城,102.71363,25.05009,,,,,,,,,,,3,19311
新世界美食娱乐广场,102.71395,25.05008,,,,,,,,,,,3,20373
新世界过桥城,102.71363,25.05009,,,,,,,,,,,3,23980
 ,102.7132407,25.05071921,,,,,,,,,,,3,29005
 ,102.7132447,25.05068321,,,,,,,,,,,3,29006
 ,102.7137256,25.04995146,,,,,,,,,,,3,30408
 ,102.7132466,25.0506482,,,,,,,,,,,3,30517
 ,102.7137366,25.04990943,,,,,,,,,,,3,32254
 ,102.7137127,25.04999547,,,,,,,,,,,3,33213
 ,102.7137614,25.04979338,,,,,,,,,,,3,33220
 ,102.7132886,25.05040214,,,,,,,,,,,3,33265
 ,102.7134162,25.04953391,,,,,,,,,,,3,34615
 ,102.7132686,25.05025715,,,,,,,,,,,3,35207
 ,102.7133912,25.04971598,,,,,,,,,,,3,35843
 ,102.7133064,25.05029211,,,,,,,,,,,3,36214
 ,102.7137665,25.04972237,,,,,,,,,,,3,37724
 ,102.7137485,25.04985143,,,,,,,,,,,3,38859
 ,102.71376740000001,25.04974541,,,,,,,,,,,3,41316
 ,102.7137515,25.04982042,,,,,,,,,,,3,41317
 ,102.7137346,25.04992946,,,,,,,,,,,3,41318
 ,102.7132985,25.05034512,,,,,,,,,,,3,41979
 ,102.7137665,25.04976737,,,,,,,,,,,3,45310
 ,102.7133872,25.04968097,,,,,,,,,,,3,45579
 ,102.7134142,25.04949791,,,,,,,,,,,3,46881
 ,102.7132506,25.0506032,,,,,,,,,,,3,47259
 ,102.7137037,25.05002648,,,,,,,,,,,3,47431
 ,102.71327149999999,25.05049214,,,,,,,,,,,3,48277
 ,102.7132387,25.05075422,,,,,,,,,,,3,50663
 ,102.7132556,25.05054816,,,,,,,,,,,3,51156
新世界沐足,102.71395,25.050079999999998,,,,,,,,,,,3,53965
园宾楼青年旅社,102.71315,25.05015,,,,,,,,,,,3,66151
格林豪泰酒店昆明圆通店,102.71275,25.050179999999997,,,,,,,,,,,3,67308
昆明动物园－售票处,102.714129,25.050695,,,,,,,,,,,3,68885
太平洋大厦,102.71376,25.04973,,,,,,,,,,,3,69320
云南烟草商厦,102.71265,25.04981,,,,,,,,,,,3,69647
昆明希桥酒店,102.71544,25.04926,,,,,,,,,,,2,2587
深圳酒楼,102.71544,25.04927,,,,,,,,,,,2,2588
青年路红会医院,102.71469,25.04835,,,,,,,,,,,2,2070
昆明医学院第四附属医院,102.71448,25.04796,,,,,,,,,,,2,2591
王二包子铺,102.71501,25.0492,,,,,,,,,,,2,2592
云南省红十字会医院,102.71448,25.04795,,,,,,,,,,,2,2593
云南省第二人民医院,102.7145,25.04797,,,,,,,,,,,2,2594
华美(云南)美莱整形美容医院,102.71492,25.04907,,,,,,,,,,,2,2595
红会医院(云南省第二人民医院),102.714482,25.048085,,,,,,,,,,,2,2683
沙坪坝火锅店 青年路,102.7151,25.048,,,,,,,,,,,2,2776
云南省人口和计划生育科学技术研究所,102.714005,25.047822,,,,,,,,,,,3,12116
中国民生银行ATM,102.71491,25.04909,,,,,,,,,,,3,14252
 ,102.7138752,25.04882421,,,,,,,,,,,3,30685
 ,102.7154848,25.04881175,,,,,,,,,,,3,30825
 ,102.7155226,25.04846871,,,,,,,,,,,3,33580
 ,102.7145896,25.04903112,,,,,,,,,,,3,34823
 ,102.7138961,25.0487672,,,,,,,,,,,3,36707
 ,102.7139769,25.04831607,,,,,,,,,,,3,39259
 ,102.7155267,25.04853369,,,,,,,,,,,3,41242
 ,102.7154975,25.04786972,,,,,,,,,,,3,41328
 ,102.7145048,25.04910627,,,,,,,,,,,3,41705
 ,102.71401469999999,25.04801898,,,,,,,,,,,3,41978
 ,102.7155137,25.04866671,,,,,,,,,,,3,42555
 ,102.71551070000001,25.04860673,,,,,,,,,,,3,44544
 ,102.713938,25.04860812,,,,,,,,,,,3,45114
 ,102.7140296,25.04777495,,,,,,,,,,,3,45130
 ,102.7140316,25.04782098,,,,,,,,,,,3,45368
 ,102.714849,25.0476647,,,,,,,,,,,3,45406
 ,102.71399079999999,25.04808504,,,,,,,,,,,3,47552
 ,102.71403070000001,25.04787296,,,,,,,,,,,3,48523
 ,102.7148251,25.04762676,,,,,,,,,,,3,49415
 ,102.7140257,25.04773098,,,,,,,,,,,3,51264
春润园,102.71511,25.04772,,,,,,,,,,,3,53527
雅希足疗保健按摩,102.71523,25.048779999999997,,,,,,,,,,,3,57388
云南省人口和计划生育科学技术研究所生殖医学治疗中心,102.714005,25.047822,,,,,,,,,,,3,60353
云南省红十字会医院,102.71464,25.047966,,,,,,,,,,,3,60412
昆明医学院第四附属医院,102.71464,25.047966,,,,,,,,,,,3,60564
健之佳健康药房NO．032,102.714538,25.048881,,,,,,,,,,,3,62509
云南省第二人民医院－门诊楼,102.714527,25.048257,,,,,,,,,,,3,62576
云南省第二人民医院,102.71464,25.047966,,,,,,,,,,,3,62627
云南华美美莱美容医院,102.714915,25.049057,,,,,,,,,,,3,63000
云南华美美莱美容医院,102.71489,25.04942,,,,,,,,,,,2,2632
桥香园过桥米线(青年路店),102.715347,25.04916,,,,,,,,,,,2,2679
昆明希侨酒店,102.715462,25.049282,,,,,,,,,,,2,2736
汉田书店,102.716218,25.048981,,,,,,,,,,,2,2772
7天酒店(昆明青年路店),102.714838,25.04937,,,,,,,,,,,2,2832
云南省白内障手术治疗培训中心,102.714507,25.049243,,,,,,,,,,,3,11311
王二包子铺,102.71486,25.04928,,,,,,,,,,,3,18575
希桥酒店－西餐厅,102.71553,25.04928,,,,,,,,,,,3,23633
江氏兄弟桥香园NO．2,102.71485,25.04935,,,,,,,,,,,3,24267
深圳酒楼,102.7155,25.04935,,,,,,,,,,,3,24719
GUCCI,102.71516,25.05045,,,,,,,,,,,2,2361
圆通山,102.71484,25.05135,,,,,,,,,,,2,2061
新圆通古玩文化市场,102.71508,25.05058,,,,,,,,,,,2,2232
滨江大厦,102.71497,25.05213,,,,,,,,,,,2,2582
中国人寿保险北郊营业部,102.71496,25.05113,,,,,,,,,,,3,13153
中国邮政储蓄银行昆明青年路支行,102.71501,25.05172,,,,,,,,,,,3,15802
中国邮政储蓄银行ATM,102.715,25.05169,,,,,,,,,,,3,15931
乌蒙情本味小吃,102.71498,25.05154,,,,,,,,,,,3,20541
青和小锅米线,102.71498,25.05149,,,,,,,,,,,3,20542
听味楼圆子鸡圆通店,102.71499,25.05216,,,,,,,,,,,3,20809
热火朝天驴肉馆昆明总店,102.71496,25.05126,,,,,,,,,,,3,21471
清真保德牛菜馆,102.71514,25.05083,,,,,,,,,,,3,21472
弥勒卤鸡米线,102.71497,25.05143,,,,,,,,,,,3,23612
 ,102.7152376,25.05163518,,,,,,,,,,,3,32555
 ,102.7152286,25.0518002,,,,,,,,,,,3,32710
 ,102.7152396,25.05147219,,,,,,,,,,,3,32869
 ,102.7152376,25.05156719,,,,,,,,,,,3,33607
 ,102.714129,25.05185186,,,,,,,,,,,3,33641
 ,102.7152416,25.05119616,,,,,,,,,,,3,34520
 ,102.7152396,25.05130515,,,,,,,,,,,3,35188
 ,102.7152704,25.05066111,,,,,,,,,,,3,35898
 ,102.7152455,25.05115616,,,,,,,,,,,3,36050
 ,102.71523149999999,25.05142818,,,,,,,,,,,3,38673
 ,102.71523459999999,25.05170916,,,,,,,,,,,3,40169
 ,102.7152425,25.05128418,,,,,,,,,,,3,41723
 ,102.71411390000002,25.05173387,,,,,,,,,,,3,41905
 ,102.7152475,25.05099015,,,,,,,,,,,3,43207
 ,102.7152445,25.05123815,,,,,,,,,,,3,46962
 ,102.7152376,25.05149316,,,,,,,,,,,3,47175
 ,102.7141189,25.05180087,,,,,,,,,,,3,47998
 ,102.7152425,25.05112016,,,,,,,,,,,3,48888
昆明动物园水族馆,102.71404,25.05105,,,,,,,,,,,3,52880
圆通广场,102.71498,25.05012,,,,,,,,,,,2,2581
伊香阁,102.71523,25.0501,,,,,,,,,,,3,26724
 ,102.7161295,25.05045479,,,,,,,,,,,3,31321
 ,102.715369,25.04965095,,,,,,,,,,,3,35469
 ,102.7161185,25.05059384,,,,,,,,,,,3,36831
 ,102.7161205,25.05056283,,,,,,,,,,,3,36910
 ,102.7161185,25.05053183,,,,,,,,,,,3,37688
 ,102.7153411,25.04977601,,,,,,,,,,,3,40077
 ,102.71590400000001,25.05043314,,,,,,,,,,,3,42139
 ,102.7150218,25.05045447,,,,,,,,,,,3,51062
圆通广场,102.71486999999999,25.05013,,,,,,,,,,,3,54799
江氏兄弟桥香园NO．2,102.71485,25.04935,,,,,,,,,,,3,28344
 ,102.71542679999999,25.04901285,,,,,,,,,,,3,44637
希桥酒店－健身房,102.71553,25.04928,,,,,,,,,,,3,54558
希桥酒店桑拿,102.71553,25.04928,,,,,,,,,,,3,54662
希桥酒店－美容室,102.71553,25.04928,,,,,,,,,,,3,58565
桃源广场,102.71639,25.0493,,,,,,,,,,,3,59248
东骏大药房圆通连锁店,102.714474,25.049347,,,,,,,,,,,3,63381
云南省第二人民医院眼科住院楼,102.714507,25.049243,,,,,,,,,,,3,64488
希桥酒店,102.71553,25.04928,,,,,,,,,,,3,65887
7天连锁酒店青年路店,102.71485,25.04941,,,,,,,,,,,3,66841
瑞丽市政府驻昆办事处,102.71395,25.049582,,,,,,,,,,,3,6046
 ,102.713434,25.04918291,,,,,,,,,,,3,33214
 ,102.7134092,25.04935094,,,,,,,,,,,3,33292
 ,102.7144429,25.04934936,,,,,,,,,,,3,35367
 ,102.7134142,25.04930594,,,,,,,,,,,3,41319
 ,102.7138063,25.04945034,,,,,,,,,,,3,44609
 ,102.7134441,25.04907086,,,,,,,,,,,3,49052
 ,102.7134142,25.04927493,,,,,,,,,,,3,49283
