name,longitude,latitude,phone,address,district,city,area,zipcodetype,datatype,date,creator,source,index
昆明福兴双语学校,102.722377,25.008655,,,,,,,,,,,3,11150
昆明市公安局官渡分局福德派出所,102.723356,25.009884,,,,,,,,,,,3,6876
锦昕酒店,102.72355,25.00882,,,,,,,,,,,2,4951
大理人家,102.72286,25.00928,,,,,,,,,,,2,4953
昆明市官渡区福德幼儿园,102.723274,25.009579,,,,,,,,,,,3,9826
福德中心学校,102.724508,25.008761,,,,,,,,,,,3,10086
福兴小区,102.7237,25.0076,,,,,,,,,,,2,4945
福兴小区南门,102.72422,25.00668,,,,,,,,,,,2,4944
鸡脚王烧烤(福兴路),102.72515,25.00582,,,,,,,,,,,2,4943
昆明市官渡区食品药品监督管理局,102.72605,25.005635,,,,,,,,,,,3,6882
昆明市官渡区红香学校,102.72598,25.005893,,,,,,,,,,,3,10379
航空外语幼儿园,102.724649,25.006065,,,,,,,,,,,3,11394
昆明市官渡区荣华学校,102.724862,25.005665,,,,,,,,,,,3,11532
正宗富源酸菜猪脚加盟连锁NO．7,102.72509,25.00578,,,,,,,,,,,3,17809
大理白族一家人,102.72476,25.00578,,,,,,,,,,,3,19207
阳澄湖龙虾,102.72467,25.00602,,,,,,,,,,,3,20571
5家卤面馆九分店,102.72514,25.00512,,,,,,,,,,,3,21460
贵州六盘水羊肉馆,102.72592,25.00588,,,,,,,,,,,3,21966
六婆串串香火锅福兴小区店,102.72477,25.00634,,,,,,,,,,,3,21967
兰州南氏拉面NO．4,102.72482,25.00623,,,,,,,,,,,3,24341
建水兄弟鸡脚王,102.72515,25.00566,,,,,,,,,,,3,24624
田记烤羊肉福兴店,102.7246,25.00612,,,,,,,,,,,3,24640
澳门豆捞 世纪城店,102.72396,25.00492,,,,,,,,,,,2,4941
易厨台北自助餐厅,102.72396,25.00492,,,,,,,,,,,2,4942
勇福园,102.72299,25.00491,,,,,,,,,,,3,20188
弥勤竹园马汉卤鸡米线·卷粉NO．4,102.72457,25.00547,,,,,,,,,,,3,25358
建水姐妹烧烤,102.72451,25.00542,,,,,,,,,,,3,25602
 ,102.724157,25.00420275,,,,,,,,,,,3,28959
 ,102.7240711,25.00419087,,,,,,,,,,,3,34181
 ,102.7244984,25.00426544,,,,,,,,,,,3,35421
 ,102.7244506,25.00426148,,,,,,,,,,,3,38122
 ,102.72455440000002,25.0042694,,,,,,,,,,,3,39537
 ,102.7246073,25.00429334,,,,,,,,,,,3,39687
 ,102.7240022,25.00420595,,,,,,,,,,,3,41991
 ,102.7235579,25.00417638,,,,,,,,,,,3,44069
 ,102.7235579,25.00417638,,,,,,,,,,,3,50776
飘莎廊日式烫染沙龙,102.72454,25.00543,,,,,,,,,,,3,55619
艺达时尚造型,102.72484,25.00527,,,,,,,,,,,3,57975
平安诊所,102.724373,25.00539,,,,,,,,,,,3,63049
一心堂福发路连锁NO．2,102.724724,25.005252,,,,,,,,,,,3,63666
昆明生研所卫生所,102.72324300000001,25.004720000000002,,,,,,,,,,,3,64008
华腾大酒店,102.72374,25.00516,,,,,,,,,,,3,67571
正宗抚仙湖石锅鱼,102.7248,25.00628,,,,,,,,,,,3,26370
鸡脚王烧烤,102.72505,25.00584,,,,,,,,,,,3,26491
陈二郎农家草墩饭庄,102.72486,25.00614,,,,,,,,,,,3,26751
重庆老味火锅,102.72485,25.00618,,,,,,,,,,,3,26752
牛街庄烧烤,102.72501,25.0059,,,,,,,,,,,3,27179
大理烧烤潮汕海鲜砂锅粥,102.72468,25.00595,,,,,,,,,,,3,27697
益康诊所,102.72516800000001,25.005058,,,,,,,,,,,3,62004
好人家健康药房,102.725548,25.005454999999998,,,,,,,,,,,3,63151
云南白药大药房福兴路连锁店,102.724897,25.005309,,,,,,,,,,,3,63995
健之佳健康药房NO．063,102.724554,25.006210999999997,,,,,,,,,,,3,64535
官渡区计划生育服务站,102.725356,25.005401000000003,,,,,,,,,,,3,64599
蜗居宾馆,102.72484,25.0062,,,,,,,,,,,3,67610
卓雅幼儿园,102.724678,25.007457,,,,,,,,,,,3,12494
蜀香楼,102.72381,25.00731,,,,,,,,,,,3,27523
弥勒卤鸡米线福德店,102.72458,25.0067,,,,,,,,,,,3,27540
 ,102.72513470000001,25.00697178,,,,,,,,,,,3,44550
足疗按摩店,102.72424000000001,25.00732,,,,,,,,,,,3,52426
海娜植物养发堂,102.72411,25.00754,,,,,,,,,,,3,53667
福兴口腔诊所,102.724174,25.007451,,,,,,,,,,,3,63287
交通银行ATM,102.72382,25.00815,,,,,,,,,,,3,15153
 ,102.7229321,25.0080818,,,,,,,,,,,3,31751
 ,102.7237748,25.00788902,,,,,,,,,,,3,31883
 ,102.7228531,25.00806488,,,,,,,,,,,3,32753
 ,102.7229749,25.00809476,,,,,,,,,,,3,35131
 ,102.7236229,25.00814214,,,,,,,,,,,3,35233
 ,102.7235381,25.00828322,,,,,,,,,,,3,35559
 ,102.72308670000001,25.00811766,,,,,,,,,,,3,50934
佳艺精剪发型设计,102.7233,25.00806,,,,,,,,,,,3,52612
丽娜专业美容养生中心福兴店,102.72386999999999,25.008000000000003,,,,,,,,,,,3,53982
演绎理发室专业发型设计,102.72399999999999,25.00781,,,,,,,,,,,3,55470
吉安堂,102.72397,25.007839999999998,,,,,,,,,,,3,56758
福德社区卫生中心,102.72367,25.008417,,,,,,,,,,,3,60053
北辰诊所,102.723867,25.008223,,,,,,,,,,,3,60831
官渡区疾病预防控制中心计划免疫综合门诊,102.72363100000001,25.007888,,,,,,,,,,,3,64447
侯记面点,102.72287,25.0093,,,,,,,,,,,3,19206
老字号贵州全羊馆安宁分店,102.72332,25.009,,,,,,,,,,,3,20994
福鑫草墩屋,102.72311,25.00886,,,,,,,,,,,3,24528
胡记酸萝卜乌江鱼连锁NO．8,102.72315,25.00928,,,,,,,,,,,3,25598
富源正宗酸菜猪脚,102.72315,25.00876,,,,,,,,,,,3,28184
 ,102.7244369,25.00855542,,,,,,,,,,,3,35563
 ,102.7229281,25.00834379,,,,,,,,,,,3,38408
 ,102.7245017,25.00857837,,,,,,,,,,,3,39290
 ,102.7228531,25.00830887,,,,,,,,,,,3,39960
 ,102.72343120000001,25.00850133,,,,,,,,,,,3,40485
 ,102.7235052,25.00890426,,,,,,,,,,,3,47139
 ,102.7230469,25.00924271,,,,,,,,,,,3,47333
好印象专业发型设计护理中心,102.72310999999999,25.009510000000002,,,,,,,,,,,3,54089
天源浴场,102.72352,25.00862,,,,,,,,,,,3,54438
天天UP造型烫染店,102.72423,25.008370000000003,,,,,,,,,,,3,57098
一心堂昆明福兴路连锁店,102.722966,25.009048,,,,,,,,,,,3,63313
官渡区静芳医疗诊所,102.723096,25.009384,,,,,,,,,,,3,64410
沛升商务酒店,102.72322,25.009179999999997,,,,,,,,,,,3,65926
锦昕大酒店,102.72341,25.00885,,,,,,,,,,,3,66148
金泰旅馆,102.72323,25.00957,,,,,,,,,,,3,66852
小小饮吧炸鸡汉堡坊福德村餐厅,102.72378,25.00981,,,,,,,,,,,3,23401
官渡红梅小吃,102.72269,25.00933,,,,,,,,,,,3,23402
西北正宗牛肉拉面,102.72262,25.00932,,,,,,,,,,,3,24493
 ,102.7227154,25.010357,,,,,,,,,,,3,29699
 ,102.7228153,25.01020089,,,,,,,,,,,3,32148
 ,102.7240754,25.00959776,,,,,,,,,,,3,37217
 ,102.7227854,25.00969491,,,,,,,,,,,3,43388
 ,102.7224536,25.00792623,,,,,,,,,,,3,29988
云南弘旭大酒店,102.721485,25.007453,,,,,,,,,,,2,4946
福苑小区,102.72066,25.00752,,,,,,,,,,,2,4950
弘旭大酒店－餐厅,102.72182,25.00746,,,,,,,,,,,3,18127
 ,102.72159,25.00788902,,,,,,,,,,,3,29437
 ,102.7218915,25.00772274,,,,,,,,,,,3,29739
 ,102.7206184,25.00757303,,,,,,,,,,,3,29829
 ,102.7218247,25.00799981,,,,,,,,,,,3,31367
 ,102.7207602,25.00762788,,,,,,,,,,,3,32062
 ,102.7218555,25.00770978,,,,,,,,,,,3,32131
 ,102.7217986,25.00798883,,,,,,,,,,,3,32389
 ,102.7210747,25.00772756,,,,,,,,,,,3,32431
 ,102.7219903,25.00803365,,,,,,,,,,,3,32584
 ,102.7219275,25.00773773,,,,,,,,,,,3,33177
 ,102.7205685,25.00756007,,,,,,,,,,,3,34371
 ,102.7205494,25.00727409,,,,,,,,,,,3,35858
 ,102.7220942,25.00780653,,,,,,,,,,,3,37280
 ,102.7219615,25.00802069,,,,,,,,,,,3,38243
 ,102.7219255,25.00801272,,,,,,,,,,,3,38328
 ,102.72177380000001,25.00797384,,,,,,,,,,,3,39108
 ,102.7217228,25.00796088,,,,,,,,,,,3,39728
 ,102.7219765,25.00776468,,,,,,,,,,,3,40305
 ,102.72086209999999,25.00736378,,,,,,,,,,,3,40407
 ,102.72214509999999,25.00809251,,,,,,,,,,,3,42148
 ,102.7216769,25.00793694,,,,,,,,,,,3,42294
 ,102.72157109999999,25.00787408,,,,,,,,,,,3,44312
 ,102.7206533,25.00759598,,,,,,,,,,,3,44593
 ,102.7207183,25.00732193,,,,,,,,,,,3,44603
 ,102.7217498,25.00796187,,,,,,,,,,,3,44877
 ,102.72164090000001,25.00792601,,,,,,,,,,,3,45976
 ,102.7220873,25.00805556,,,,,,,,,,,3,46146
 ,102.7223219,25.00788132,,,,,,,,,,,3,47155
 ,102.72161390000001,25.00790702,,,,,,,,,,,3,50472
依非特网吧,102.72185999999999,25.007279999999998,,,,,,,,,,,3,58821
吴光跃诊所,102.722324,25.007707999999997,,,,,,,,,,,3,60991
圣堡绿医院,102.72105,25.007752,,,,,,,,,,,3,62272
圣堡绿医院口腔诊疗,102.72109300000001,25.00765,,,,,,,,,,,3,63003
圣堡绿医院中医理疗科,102.721432,25.00773,,,,,,,,,,,3,64341
弘旭大酒店,102.72182,25.007460000000002,,,,,,,,,,,3,68271
汇杰大厦,102.72162,25.007179999999998,,,,,,,,,,,3,69483
 ,102.7225546,25.00795611,,,,,,,,,,,3,35855
 ,102.7226084,25.00797006,,,,,,,,,,,3,39367
 ,102.7227123,25.00800197,,,,,,,,,,,3,39429
 ,102.722218,25.00809242,,,,,,,,,,,3,39930
 ,102.7224198,25.00791327,,,,,,,,,,,3,45403
 ,102.7223878,25.0079013,,,,,,,,,,,3,45680
 ,102.7224817,25.00818818,,,,,,,,,,,3,45805
 ,102.7227353,25.00827296,,,,,,,,,,,3,45845
 ,102.7224338,25.00817022,,,,,,,,,,,3,46379
 ,102.7225546,25.00795611,,,,,,,,,,,3,47721
 ,102.7221822,25.00809647,,,,,,,,,,,3,49630
 ,102.7223809,25.00815929,,,,,,,,,,,3,50263
 ,102.72224,25.008098399999998,,,,,,,,,,,3,50600
 ,102.7226475,25.00798406,,,,,,,,,,,3,50944
 ,102.7222909,25.00810938,,,,,,,,,,,3,51054
造型屋,102.72268000000001,25.007839999999998,,,,,,,,,,,3,57320
米兰休闲会所,102.72254000000001,25.0093,,,,,,,,,,,3,57710
蓝之天诊所,102.722537,25.009304,,,,,,,,,,,3,64797
