name,longitude,latitude,phone,address,district,city,area,zipcodetype,datatype,date,creator,source,index
 ,102.75637449999999,24.95764409,,,,,,,,,,,3,51574
 ,102.7565572,24.95874186,,,,,,,,,,,3,33747
 ,102.7557065,24.95929662,,,,,,,,,,,3,30554
 ,102.75613,24.9601455,,,,,,,,,,,3,29211
丽傣餐厅,102.7556,24.96099,,,,,,,,,,,3,19484
矮哥厨房,102.75579,24.96077,,,,,,,,,,,3,20006
沙县特色小吃,102.75622,24.96034,,,,,,,,,,,3,26528
世纪水汇,102.754859,24.959899,,,,,,,,,,,2,2861
官渡区世纪城社区卫生服务中心,102.7536,24.96085,,,,,,,,,,,2,2149
叠春苑(东南门),102.75374,24.96156,,,,,,,,,,,2,2445
亨德森外国语学校,102.754367,24.960592,,,,,,,,,,,3,9685
交通银行ATM,102.75361,24.96,,,,,,,,,,,3,13777
重庆叙知香美蛙鱼头火锅昆明店,102.75365,24.96103,,,,,,,,,,,3,17162
味蜀吾老火锅,102.75435,24.96044,,,,,,,,,,,3,18688
味光源仙湖铜锅鱼野生菌,102.75307,24.96061,,,,,,,,,,,3,19414
宣威凤凰山陈氏洋芋鸡,102.75387,24.96122,,,,,,,,,,,3,20203
鱼乐虹鳟鱼,102.75315,24.96068,,,,,,,,,,,3,23033
遵义剔骨鸭,102.75412,24.9614,,,,,,,,,,,3,23034
重庆浓萌火锅,102.75296,24.96056,,,,,,,,,,,3,23537
团结乡赵氏农家乐,102.75326,24.96075,,,,,,,,,,,3,23787
重庆打渔人佳,102.75318,24.9607,,,,,,,,,,,3,25334
石屏牛汤锅米线,102.75383,24.96119,,,,,,,,,,,3,26776
花溪牛肉米线,102.75312,24.96065,,,,,,,,,,,3,27422
 ,102.7536142,24.96031412,,,,,,,,,,,3,30651
 ,102.7530824,24.96028406,,,,,,,,,,,3,34643
 ,102.753644,24.96033311,,,,,,,,,,,3,34725
 ,102.753839,24.96030116,,,,,,,,,,,3,46084
 ,102.7534811,24.96002715,,,,,,,,,,,3,50330
 ,102.7531503,24.96030507,,,,,,,,,,,3,51493
夜宴,102.75356,24.96002,,,,,,,,,,,3,56095
世纪城社区卫生服务中心,102.753427,24.960874,,,,,,,,,,,3,60232
云南靖德康医院,102.75384,24.960275,,,,,,,,,,,3,62492
8＋1酒楼,102.7546,24.96064,,,,,,,,,,,3,24047
顺风肥牛,102.7547,24.9607,,,,,,,,,,,3,27245
 ,102.7554646,24.95929163,,,,,,,,,,,3,30981
 ,102.7556744,24.95942262,,,,,,,,,,,3,45156
世纪水汇,102.75519,24.959979999999998,,,,,,,,,,,3,55882
航鸿酒店,102.75479,24.96067,,,,,,,,,,,3,65351
昌源宾馆,102.75407,24.959529999999997,,,,,,,,,,,3,66082
世纪宾馆,102.7541,24.95982,,,,,,,,,,,3,67679
鑫益小宾馆,102.75424,24.95968,,,,,,,,,,,3,68043
魅力金座娱乐会所,102.75516,24.96104,,,,,,,,,,,3,59561
御晟酒店,102.75574,24.96033,,,,,,,,,,,3,66051
美味缘火锅店,102.75762,24.95961,,,,,,,,,,,3,16670
的士之家自助快餐,102.75673,24.95978,,,,,,,,,,,3,23543
 ,102.7574804,24.96032366,,,,,,,,,,,3,29133
 ,102.7579694,24.95944193,,,,,,,,,,,3,30993
 ,102.7577824,24.9593499,,,,,,,,,,,3,34736
 ,102.7581273,24.95955492,,,,,,,,,,,3,35445
 ,102.7576624,24.95998575,,,,,,,,,,,3,36000
 ,102.7574564,24.96038463,,,,,,,,,,,3,38329
 ,102.7571827,24.96021462,,,,,,,,,,,3,43717
 ,102.7574365,24.96042662,,,,,,,,,,,3,47338
 ,102.7571585,24.96027159,,,,,,,,,,,3,51575
 ,102.7574764,24.96034562,,,,,,,,,,,3,51628
美妆阁造型工作室,102.75683000000001,24.96007,,,,,,,,,,,3,52040
时尚顶尖烫染沙龙,102.75752,24.95974,,,,,,,,,,,3,52606
顶尚美NO．2,102.7568,24.96011,,,,,,,,,,,3,52681
乐众棋牌室,102.75796,24.96022,,,,,,,,,,,3,56163
花形美,102.75756,24.95968,,,,,,,,,,,3,59078
和合客栈,102.75689,24.96,,,,,,,,,,,3,65148
如家客栈,102.75726,24.96009,,,,,,,,,,,3,65188
君宜居客房,102.75745,24.96019,,,,,,,,,,,3,65189
龙泉招待所,102.75731,24.96036,,,,,,,,,,,3,65540
瑞泰宾馆,102.75789,24.96017,,,,,,,,,,,3,65542
虹运招待所,102.75766999999999,24.95954,,,,,,,,,,,3,66092
怡丰客栈,102.75759000000001,24.95965,,,,,,,,,,,3,66093
逸家悦宾馆,102.7575,24.95976,,,,,,,,,,,3,66438
居记客栈,102.75744,24.95982,,,,,,,,,,,3,66910
金兴旅馆,102.75685,24.96004,,,,,,,,,,,3,66911
阳旺宾馆,102.75745,24.959770000000002,,,,,,,,,,,3,67042
同泰宾馆,102.75784,24.959870000000002,,,,,,,,,,,3,67317
天和宾馆,102.7577,24.960060000000002,,,,,,,,,,,3,67552
明宇宾馆,102.75707,24.95976,,,,,,,,,,,3,67744
华光庙,102.757409,24.959094,,,,,,,,,,,3,68499
凌云阁,102.7575,24.959308,,,,,,,,,,,3,68653
 ,102.7559963,24.95951262,,,,,,,,,,,3,29778
 ,102.7566448,24.96006959,,,,,,,,,,,3,30650
 ,102.7560132,24.96005051,,,,,,,,,,,3,30775
 ,102.7560843,24.95937969,,,,,,,,,,,3,30875
 ,102.7556995,24.95934963,,,,,,,,,,,3,31382
 ,102.7560782,24.96006851,,,,,,,,,,,3,31761
 ,102.7559482,24.9595776,,,,,,,,,,,3,32199
 ,102.7559423,24.9595866,,,,,,,,,,,3,32207
 ,102.7561831,24.9597396,,,,,,,,,,,3,32208
 ,102.756265,24.95977362,,,,,,,,,,,3,32209
 ,102.75642,24.95989958,,,,,,,,,,,3,32446
 ,102.756492,24.95995659,,,,,,,,,,,3,32504
 ,102.7559702,24.9595466,,,,,,,,,,,3,32649
 ,102.7559653,24.9595556,,,,,,,,,,,3,32899
 ,102.7557104,24.95937164,,,,,,,,,,,3,34099
 ,102.7569577,24.96028356,,,,,,,,,,,3,34155
 ,102.7558613,24.95998049,,,,,,,,,,,3,34971
 ,102.7563019,24.96025251,,,,,,,,,,,3,35608
 ,102.7561361,24.95929469,,,,,,,,,,,3,36197
 ,102.75629,24.9597936,,,,,,,,,,,3,36701
 ,102.7567928,24.96016661,,,,,,,,,,,3,37046
 ,102.7557214,24.95934963,,,,,,,,,,,3,37914
 ,102.7560152,24.95949165,,,,,,,,,,,3,37978
 ,102.7562231,24.96020549,,,,,,,,,,,3,38032
 ,102.7560013,24.95950362,,,,,,,,,,,3,39086
 ,102.756227,24.95975859,,,,,,,,,,,3,39366
 ,102.7559632,24.9599885,,,,,,,,,,,3,40933
 ,102.75613809999999,24.95972961,,,,,,,,,,,3,43512
 ,102.75598620000001,24.95952261,,,,,,,,,,,3,43776
 ,102.75670079999999,24.96011657,,,,,,,,,,,3,44196
 ,102.75661190000001,24.96003359,,,,,,,,,,,3,44551
 ,102.7557133,24.959415600000003,,,,,,,,,,,3,45062
 ,102.7560512,24.9600605,,,,,,,,,,,3,45761
 ,102.7568248,24.960185600000003,,,,,,,,,,,3,46256
 ,102.75656090000001,24.96000357,,,,,,,,,,,3,46394
 ,102.7560652,24.95942168,,,,,,,,,,,3,46420
 ,102.7559272,24.95998053,,,,,,,,,,,3,47014
 ,102.75662679999999,24.96005159,,,,,,,,,,,3,47836
 ,102.7567598,24.9601496,,,,,,,,,,,3,49651
 ,102.7561063,24.95935967,,,,,,,,,,,3,50008
 ,102.7566738,24.96008759,,,,,,,,,,,3,50508
 ,102.75706170000001,24.96035759,,,,,,,,,,,3,50576
 ,102.75699559999998,24.96031659,,,,,,,,,,,3,51464
 ,102.7568547,24.96021458,,,,,,,,,,,3,51469
 ,102.7559333,24.95959758,,,,,,,,,,,3,51728
汇宝网吧,102.75628,24.96027,,,,,,,,,,,3,59820
吉亨宾馆,102.75666,24.95985,,,,,,,,,,,3,67318
福波宾馆,102.75673,24.96019,,,,,,,,,,,3,67424
 ,102.7559824,24.95888078,,,,,,,,,,,3,31697
 ,102.7562132,24.95917971,,,,,,,,,,,3,32641
 ,102.7563763,24.95897582,,,,,,,,,,,3,36399
 ,102.7565001,24.95879586,,,,,,,,,,,3,36915
 ,102.7560744,24.95878479,,,,,,,,,,,3,37091
 ,102.7564483,24.95888082,,,,,,,,,,,3,37814
 ,102.7559853,24.95890778,,,,,,,,,,,3,38845
 ,102.75610640000001,24.95861586,,,,,,,,,,,3,39261
 ,102.75585140000001,24.95905569,,,,,,,,,,,3,39729
 ,102.7561792,24.95924271,,,,,,,,,,,3,40666
 ,102.7557324,24.95923466,,,,,,,,,,,3,43763
 ,102.7562773,24.95911275,,,,,,,,,,,3,45785
 ,102.7557923,24.95917769,,,,,,,,,,,3,47000
 ,102.7557403,24.95929464,,,,,,,,,,,3,51317
 ,102.756807,24.95862095,,,,,,,,,,,3,36904
 ,102.7566072,24.95864592,,,,,,,,,,,3,39190
 ,102.7569911,24.95808509,,,,,,,,,,,3,45921
 ,102.7563154,24.95837295,,,,,,,,,,,3,47221
官渡少林寺,102.75667299999999,24.957631,,,,,,,,,,,3,69008
