name,longitude,latitude,phone,address,district,city,area,zipcodetype,datatype,date,creator,source,index
 ,102.7274596,25.08333669,,,,,,,,,,,3,29237
 ,102.7272569,25.08280187,,,,,,,,,,,3,32828
金泉小区,102.72826,25.08263,,,,,,,,,,,2,5644
鱼满堂,102.72858,25.08275,,,,,,,,,,,3,17050
乐滋味快餐店,102.72841,25.08257,,,,,,,,,,,3,22287
沙县小吃金泉小区店,102.72822,25.08236,,,,,,,,,,,3,27054
 ,102.7275836,25.08280871,,,,,,,,,,,3,34844
 ,102.7277244,25.08326253,,,,,,,,,,,3,35869
 ,102.7285157,25.08218627,,,,,,,,,,,3,36528
 ,102.7275296,25.08261377,,,,,,,,,,,3,36719
 ,102.7279571,25.08252552,,,,,,,,,,,3,46803
 ,102.7275975,25.082840700000002,,,,,,,,,,,3,47918
蓝钰网络休闲会所,102.72793,25.082060000000002,,,,,,,,,,,3,52045
舒康推拿足疗中心,102.72837,25.08253,,,,,,,,,,,3,53446
康丽坊美容美体中心,102.72905,25.0828,,,,,,,,,,,3,57339
景江花园小区,102.72855,25.08391,,,,,,,,,,,2,5639
首脑发型制造昆明分店,102.72833,25.08412,,,,,,,,,,,2,5642
年安服务超市金色大道营业部,102.7282,25.08421,,,,,,,,,,,3,15811
金色家园,102.72966,25.08426,,,,,,,,,,,2,5620
中国银行ATM,102.72953,25.08384,,,,,,,,,,,3,15871
 ,102.729613,25.08489423,,,,,,,,,,,3,32048
 ,102.7301344,25.08496394,,,,,,,,,,,3,33294
 ,102.7301702,25.08494391,,,,,,,,,,,3,33697
 ,102.7301873,25.08492591,,,,,,,,,,,3,38450
 ,102.7298457,25.08462716,,,,,,,,,,,3,38510
 ,102.7297078,25.08483321,,,,,,,,,,,3,42106
 ,102.7302543,25.08488685,,,,,,,,,,,3,49023
广东风浪发艺专业烫染店,102.72972,25.084139999999998,,,,,,,,,,,3,55667
魅俐莱发艺连锁,102.73024000000001,25.08426,,,,,,,,,,,3,56279
迅峰发艺,102.73005,25.08461,,,,,,,,,,,3,57588
Aｍ造型,102.72885,25.08435,,,,,,,,,,,3,58483
健之佳健康药房NO．060,102.729794,25.083560000000002,,,,,,,,,,,3,62273
盘龙林有德诊所,102.729778,25.084191,,,,,,,,,,,3,62431
东骏大药房北市区连锁店,102.729577,25.083928,,,,,,,,,,,3,62617
柳记农家园景江花园店,102.72917,25.08344,,,,,,,,,,,3,16793
南华卤面馆分店,102.72809,25.08429,,,,,,,,,,,3,16794
黄焖牛肉．肥肠米线,102.72904,25.08354,,,,,,,,,,,3,17049
宏香园小锅米线,102.72835,25.08409,,,,,,,,,,,3,21360
天津灌汤包,102.72812,25.08426,,,,,,,,,,,3,24592
 ,102.7275714,25.08402753,,,,,,,,,,,3,29274
 ,102.7277374,25.08340554,,,,,,,,,,,3,32968
 ,102.72784909999999,25.08377342,,,,,,,,,,,3,46467
首脑发型,102.72828,25.084139999999998,,,,,,,,,,,3,52058
笨笨羊,102.72822,25.08546,,,,,,,,,,,2,5616
中信银行ATM,102.72827,25.0848,,,,,,,,,,,3,15421
笨笨羊餐厅,102.72822,25.08534,,,,,,,,,,,3,24505
 ,102.7288528,25.08605352,,,,,,,,,,,3,29341
 ,102.7280246,25.08622398,,,,,,,,,,,3,30243
 ,102.7285781,25.0857527,,,,,,,,,,,3,30584
 ,102.7282194,25.08603089,,,,,,,,,,,3,31451
 ,102.7277561,25.08587519,,,,,,,,,,,3,32224
 ,102.7286359,25.08622263,,,,,,,,,,,3,32461
 ,102.7281735,25.0860789,,,,,,,,,,,3,37076
滇洪酸菜猪脚,102.72983,25.08584,,,,,,,,,,,2,5609
明通小学金色校区,102.730535,25.085307,,,,,,,,,,,3,10574
金色幼儿园,102.730784,25.085665,,,,,,,,,,,3,10847
滇洪酸菜猪脚,102.72981,25.08579,,,,,,,,,,,3,22340
花溪昊泽牛肉米线NO．2,102.73064,25.08536,,,,,,,,,,,3,27495
 ,102.7301053,25.08540089,,,,,,,,,,,3,31901
 ,102.7300835,25.08501695,,,,,,,,,,,3,32343
 ,102.7305058,25.0858206,,,,,,,,,,,3,32765
 ,102.7300394,25.08507396,,,,,,,,,,,3,32942
 ,102.7298975,25.08516104,,,,,,,,,,,3,32943
 ,102.7288906,25.0860285,,,,,,,,,,,3,37489
 ,102.7301483,25.08542784,,,,,,,,,,,3,39397
 ,102.7300644,25.08505295,,,,,,,,,,,3,41218
 ,102.72909059999999,25.08533649,,,,,,,,,,,3,42082
 ,102.73010740000001,25.08498594,,,,,,,,,,,3,46748
 ,102.7289707,25.08542352,,,,,,,,,,,3,48905
 ,102.73016319999999,25.08543986,,,,,,,,,,,3,49294
 ,102.73030809999999,25.08560676,,,,,,,,,,,3,49402
 ,102.7304348,25.08572966,,,,,,,,,,,3,49403
天翔中医理疗,102.729427,25.08651,,,,,,,,,,,3,60481
李映熙中医诊所,102.729439,25.085967999999998,,,,,,,,,,,3,63631
盘龙志强口腔诊所,102.729249,25.086292999999998,,,,,,,,,,,3,64590
 ,102.72766209999999,25.08578924,,,,,,,,,,,3,41969
 ,102.7288798,25.08550556,,,,,,,,,,,3,42392
 ,102.7282754,25.08599484,,,,,,,,,,,3,42812
 ,102.7275003,25.08561333,,,,,,,,,,,3,43052
 ,102.7276382,25.08578325,,,,,,,,,,,3,51166
 ,102.72870400000001,25.08564065,,,,,,,,,,,3,51545
康体休闲,102.72841,25.08468,,,,,,,,,,,3,54489
佳佳足浴,102.72858000000001,25.08535,,,,,,,,,,,3,58012
宋氏盲人推拿,102.72816999999999,25.084239999999998,,,,,,,,,,,3,55794
名仕美发,102.72778000000001,25.08426,,,,,,,,,,,3,56665
玉缘美容养生会所,102.72888,25.08309,,,,,,,,,,,3,58366
惠民大药房景江花园店,102.728365,25.08407,,,,,,,,,,,3,64039
奔世居网吧,102.72776999999999,25.081870000000002,,,,,,,,,,,3,58867
鑫城康体,102.72909,25.082829999999998,,,,,,,,,,,3,58987
一心堂金泉小区连锁店,102.728665,25.082357000000002,,,,,,,,,,,3,63758
 ,102.7273279,25.08296684,,,,,,,,,,,3,40553
 ,102.7273059,25.08292985,,,,,,,,,,,3,44018
 ,102.7269142,25.08314504,,,,,,,,,,,3,47828
