name,longitude,latitude,phone,address,district,city,area,zipcodetype,datatype,date,creator,source,index
云南省农村信用社ATM,102.80202,24.89055,,,,,,,,,,,3,13859
中国人寿保险呈贡客服中心,102.80072,24.89008,,,,,,,,,,,3,12946
中国人民财产保险呈贡支公司,102.80075,24.89003,,,,,,,,,,,3,12947
中国工商银行呈贡支行,102.80088,24.88992,,,,,,,,,,,3,14346
中国工商银行ATM,102.80082,24.88996,,,,,,,,,,,3,14347
昱澄家龙城故事茶餐厅,102.80076,24.88944,,,,,,,,,,,3,16645
一锅香,102.80162,24.89012,,,,,,,,,,,3,17149
好又来煮品,102.80147,24.88972,,,,,,,,,,,3,17150
石锅鱼,102.8013,24.88963,,,,,,,,,,,3,18612
江湖翅客,102.80136,24.88966,,,,,,,,,,,3,18613
李记贵州特色带皮小黄牛肉米线呈贡总店,102.80079,24.8894,,,,,,,,,,,3,19367
仙芋世家,102.80141,24.88969,,,,,,,,,,,3,19522
彼得堡,102.80072,24.88948,,,,,,,,,,,3,19523
兴隆园,102.80079,24.8894,,,,,,,,,,,3,21357
北方面食,102.80139,24.88968,,,,,,,,,,,3,24979
下一站奶茶文化专门店,102.8016,24.88981,,,,,,,,,,,3,25349
龙城酸汤店,102.80154,24.88978,,,,,,,,,,,3,25599
魅力制作美容养生会所,102.80124,24.88959,,,,,,,,,,,3,56559
昆明市呈贡区动物卫生监督所,102.801422,24.88857,,,,,,,,,,,3,6765
昆明市呈贡区种子管理店,102.801438,24.888576,,,,,,,,,,,3,7249
中国人民银行呈贡支行,102.80113,24.888551,,,,,,,,,,,3,7425
富滇银行ATM,102.80095,24.88848,,,,,,,,,,,3,13416
富滇银行昆明呈贡支行,102.80099,24.88849,,,,,,,,,,,3,13417
中国人民银行呈贡支行,102.80113,24.88855,,,,,,,,,,,3,13418
农村信用合作联社营业部,102.80101,24.8888,,,,,,,,,,,3,13419
中国农业银行小企业金融服务中心,102.80148,24.88858,,,,,,,,,,,3,14883
中国农业银行呈贡区支行,102.80139,24.88869,,,,,,,,,,,3,15521
中国农业银行ATM,102.80118,24.8886,,,,,,,,,,,3,15522
中国农业银行ATM,102.80141,24.88866,,,,,,,,,,,3,15950
云南省农村信用社ATM,102.80097,24.88877,,,,,,,,,,,3,15951
老兵快餐,102.80072,24.88863,,,,,,,,,,,3,27140
酸汤园,102.80091,24.88877,,,,,,,,,,,3,28085
 ,102.8005333,24.88896369,,,,,,,,,,,3,38945
起点网络空间,102.80072,24.88863,,,,,,,,,,,3,51807
心情网吧,102.80072,24.88863,,,,,,,,,,,3,53076
魅力制作专业美容美发沙龙NO．1,102.80149,24.889210000000002,,,,,,,,,,,3,53291
色彩专业美发沙龙,102.80076,24.88864,,,,,,,,,,,3,53745
映龙温泉洗澡堂,102.80091,24.88877,,,,,,,,,,,3,54347
暗香酒吧,102.80091,24.88877,,,,,,,,,,,3,54348
靓丽美容养生会所,102.80071,24.88861,,,,,,,,,,,3,56101
浮尘酒吧,102.80071,24.88861,,,,,,,,,,,3,59364
呈贡双龙旅社,102.80091999999999,24.88925,,,,,,,,,,,3,64992
温泉快捷酒店,102.80072,24.88863,,,,,,,,,,,3,66803
昱澄家快捷酒店,102.80069,24.88953,,,,,,,,,,,3,67209
中国邮政储蓄银行ATM,102.80347,24.89041,,,,,,,,,,,3,13630
昆明市呈贡区计划生育服务站,102.803361,24.891401,,,,,,,,,,,3,7266
中国人寿保险呈贡营销部,102.80326,24.89084,,,,,,,,,,,3,15332
呈贡区人民医院－营养餐厅,102.80413,24.89155,,,,,,,,,,,3,20292
杨记香草酸汤鸡呈贡店,102.80387,24.89188,,,,,,,,,,,3,23186
乌托邦酒吧,102.8029,24.89177,,,,,,,,,,,3,52032
图多拉酒吧,102.80279,24.8911,,,,,,,,,,,3,52866
年轮,102.80303,24.891029999999997,,,,,,,,,,,3,53419
经典发艺,102.80317,24.89113,,,,,,,,,,,3,54405
佳人传奇·整体抗衰老中心,102.80285,24.89104,,,,,,,,,,,3,54866
的妮青春美容院,102.80308000000001,24.89106,,,,,,,,,,,3,57883
龙华园,102.80339000000001,24.89201,,,,,,,,,,,3,59208
呈贡区人民医院－急诊科,102.803813,24.89111,,,,,,,,,,,3,60280
呈贡区中医医院,102.803575,24.891262,,,,,,,,,,,3,61989
昆明市延安医院呈贡医院,102.803575,24.891262,,,,,,,,,,,3,63831
同和堂药店,102.803353,24.891285,,,,,,,,,,,3,64014
呈贡区人民医院,102.803575,24.891262,,,,,,,,,,,3,64085
呈贡区人民医院－门诊部,102.803786,24.891279,,,,,,,,,,,3,64872
中国邮政储蓄银行晨光邮政储蓄所,102.80341,24.89036,,,,,,,,,,,3,16079
佳益胖子火锅,102.80279,24.89054,,,,,,,,,,,3,19417
隔锅香,102.80261,24.89044,,,,,,,,,,,3,28146
魅力制作专业美容美体养生馆,102.80292,24.89049,,,,,,,,,,,3,54550
张继萍皮肤改良,102.80297,24.89046,,,,,,,,,,,3,57175
新·国色NO．2,102.80274,24.890520000000002,,,,,,,,,,,3,57868
窈窕淑女,102.80308000000001,24.8903,,,,,,,,,,,3,57869
惠康诊所,102.802501,24.890366,,,,,,,,,,,3,60034
香晨庄,102.80187,24.89028,,,,,,,,,,,3,21973
彝族风情园,102.80203,24.89042,,,,,,,,,,,3,24169
靓妮美容养生馆NO．4,102.80165,24.89095,,,,,,,,,,,3,52165
美容SPA养生会所,102.80178000000001,24.890810000000002,,,,,,,,,,,3,53258
萱姿阁,102.80171,24.8909,,,,,,,,,,,3,55210
呈贡圣方医药馆,102.801611,24.891025,,,,,,,,,,,3,64063
