name,longitude,latitude,phone,address,district,city,area,zipcodetype,datatype,date,creator,source,index
 ,102.7229861,24.98575775,,,,,,,,,,,3,34781
 ,102.7227586,24.98465219,,,,,,,,,,,3,31580
 ,102.7220378,24.98367708,,,,,,,,,,,3,29300
 ,102.7221466,24.9844118,,,,,,,,,,,3,29831
 ,102.7222425,24.98351288,,,,,,,,,,,3,29893
 ,102.7223813,24.98323482,,,,,,,,,,,3,30097
 ,102.7221435,24.98447579,,,,,,,,,,,3,31208
 ,102.7226099,24.98389146,,,,,,,,,,,3,32685
 ,102.7226628,24.98413437,,,,,,,,,,,3,33339
 ,102.7224373,24.98329076,,,,,,,,,,,3,33345
 ,102.7220967,24.98379597,,,,,,,,,,,3,33361
 ,102.7221116,24.98407691,,,,,,,,,,,3,34927
 ,102.72246319999999,24.98334471,,,,,,,,,,,3,38838
 ,102.7219819,24.98357412,,,,,,,,,,,3,44289
 ,102.7228066,24.98414022,,,,,,,,,,,3,45793
 ,102.7220317,24.98410197,,,,,,,,,,,3,49929
 ,102.7227226,24.98521311,,,,,,,,,,,3,31936
康乐茶文化城,102.72159,24.98533,,,,,,,,,,,2,2350
 ,102.7220557,24.98474682,,,,,,,,,,,3,32105
 ,102.7215614,24.98494127,,,,,,,,,,,3,35705
 ,102.7215045,24.98496035,,,,,,,,,,,3,38123
 ,102.7222693,24.984989600000002,,,,,,,,,,,3,41460
舒络按摩馆,102.72156,24.98488,,,,,,,,,,,3,54417
 ,102.7238161,24.98365134,,,,,,,,,,,3,29101
凤凰国际凤凰湾,102.724045,24.985233,,,,,,,,,,,1,70
乐之韵艺术培训学校,102.724057,24.984407,,,,,,,,,,,3,11606
 ,102.7231259,24.98544864,,,,,,,,,,,3,30491
 ,102.7232188,24.98567751,,,,,,,,,,,3,31119
 ,102.723093,24.98539973,,,,,,,,,,,3,31902
 ,102.7231947,24.98562257,,,,,,,,,,,3,33348
 ,102.7231439,24.98549963,,,,,,,,,,,3,34108
 ,102.7232248,24.98571252,,,,,,,,,,,3,39121
 ,102.7230651,24.98535576,,,,,,,,,,,3,41479
 ,102.723077,24.98537871,,,,,,,,,,,3,43971
 ,102.7231798,24.98558459,,,,,,,,,,,3,44257
 ,102.72320479999999,24.98565555,,,,,,,,,,,3,47381
 ,102.7231069,24.9854247,,,,,,,,,,,3,47660
吕氏中药美容,102.72402,24.986,,,,,,,,,,,3,54770
爱生宠物医院玫瑰湾门诊部,102.72414599999999,24.984378,,,,,,,,,,,3,59871
 ,102.7230602,24.98350311,,,,,,,,,,,3,29840
 ,102.7232201,24.98343498,,,,,,,,,,,3,30099
 ,102.7233108,24.9833939,,,,,,,,,,,3,32198
 ,102.7232638,24.98390285,,,,,,,,,,,3,32644
 ,102.7232968,24.98387882,,,,,,,,,,,3,33410
 ,102.7242655,24.98289107,,,,,,,,,,,3,33418
 ,102.7230203,24.98382707,,,,,,,,,,,3,33941
 ,102.7243024,24.98334296,,,,,,,,,,,3,33974
 ,102.7233877,24.98423063,,,,,,,,,,,3,34203
 ,102.7239838,24.98292734,,,,,,,,,,,3,34325
 ,102.7233358,24.98385879,,,,,,,,,,,3,34733
 ,102.7238729,24.98398025,,,,,,,,,,,3,34977
 ,102.7245879,24.98356161,,,,,,,,,,,3,34993
 ,102.7237811,24.98402831,,,,,,,,,,,3,35635
 ,102.7234366,24.98420961,,,,,,,,,,,3,35781
 ,102.7242594,24.98337599,,,,,,,,,,,3,36409
 ,102.7244272,24.98365773,,,,,,,,,,,3,36617
 ,102.7233427,24.9842597,,,,,,,,,,,3,36618
 ,102.7246498,24.98352755,,,,,,,,,,,3,36863
 ,102.7239548,24.98357223,,,,,,,,,,,3,36913
 ,102.723867,24.98362331,,,,,,,,,,,3,36934
 ,102.7233868,24.98382572,,,,,,,,,,,3,37009
 ,102.7235255,24.98374859,,,,,,,,,,,3,37532
 ,102.7241226,24.9834591,,,,,,,,,,,3,37580
 ,102.7236742,24.98345951,,,,,,,,,,,3,38341
 ,102.7230532,24.98400801,,,,,,,,,,,3,39349
 ,102.72335670000001,24.9836468,,,,,,,,,,,3,39829
 ,102.7236652,24.98408942,,,,,,,,,,,3,39855
 ,102.72344059999999,24.9838007,,,,,,,,,,,3,40243
 ,102.7240736,24.98348615,,,,,,,,,,,3,40357
 ,102.72377519999999,24.98341244,,,,,,,,,,,3,40935
 ,102.7240758,24.98297724,,,,,,,,,,,3,41443
 ,102.72419959999999,24.9829241,,,,,,,,,,,3,41444
 ,102.72341159999999,24.98360576,,,,,,,,,,,3,41446
 ,102.7232827,24.98428373,,,,,,,,,,,3,41481
 ,102.7237262,24.98406633,,,,,,,,,,,3,41482
 ,102.724466,24.9836427,,,,,,,,,,,3,41483
 ,102.7247137,24.9834915,,,,,,,,,,,3,41484
 ,102.7230732,24.98378603,,,,,,,,,,,3,42626
 ,102.7236073,24.98412744,,,,,,,,,,,3,43116
 ,102.7240398,24.98350617,,,,,,,,,,,3,43683
 ,102.7242104,24.98341203,,,,,,,,,,,3,44894
 ,102.7239129,24.98359824,,,,,,,,,,,3,45044
 ,102.724582,24.98319567,,,,,,,,,,,3,45457
 ,102.72316190000001,24.98395091,,,,,,,,,,,3,45721
 ,102.7236793,24.98372748,,,,,,,,,,,3,46353
 ,102.7240117,24.98352516,,,,,,,,,,,3,47808
 ,102.7241507,24.98295317,,,,,,,,,,,3,48082
 ,102.7237302,24.98343449,,,,,,,,,,,3,49810
 ,102.7231321,24.983762,,,,,,,,,,,3,49819
 ,102.7231061,24.98398295,,,,,,,,,,,3,49840
 ,102.7238261,24.98339138,,,,,,,,,,,3,50528
 ,102.7243613,24.98370282,,,,,,,,,,,3,51020
 ,102.7234836,24.98377766,,,,,,,,,,,3,51375
靓源美容健康养生美容沙龙,102.72474,24.98345,,,,,,,,,,,3,54177
和木养生馆玫瑰湾分店,102.72434,24.98292,,,,,,,,,,,3,55570
御足源,102.72464000000001,24.98333,,,,,,,,,,,3,58745
 ,102.7228874,24.98449307,,,,,,,,,,,3,34336
 ,102.7228723,24.98548788,,,,,,,,,,,3,34783
 ,102.7227636,24.98462618,,,,,,,,,,,3,35177
 ,102.7230671,24.98439492,,,,,,,,,,,3,37759
 ,102.7226927,24.98516415,,,,,,,,,,,3,39205
 ,102.7228574,24.98494901,,,,,,,,,,,3,39466
 ,102.7230012,24.98520983,,,,,,,,,,,3,39756
 ,102.7231749,24.98434083,,,,,,,,,,,3,39786
 ,102.72304709999999,24.98532876,,,,,,,,,,,3,39800
 ,102.7227735,24.98475213,,,,,,,,,,,3,41480
 ,102.7227566,24.98471915,,,,,,,,,,,3,41594
 ,102.7228334,24.98452115,,,,,,,,,,,3,41815
 ,102.723037,24.98527778,,,,,,,,,,,3,42818
 ,102.7227874,24.98531504,,,,,,,,,,,3,43267
 ,102.7228484,24.98489006,,,,,,,,,,,3,43381
 ,102.723115,24.9843699,,,,,,,,,,,3,49219
 ,102.7229702,24.98516987,,,,,,,,,,,3,50104
 ,102.7229573,24.98511389,,,,,,,,,,,3,50252
 ,102.72279259999999,24.98478813,,,,,,,,,,,3,50581
 ,102.72275350000001,24.98468418,,,,,,,,,,,3,51110
昆明碧莲盛植发医院,102.72276,24.98465,,,,,,,,,,,3,54907
 ,102.7233594,24.98666522,,,,,,,,,,,3,31012
顾香园,102.72315,24.98776,,,,,,,,,,,3,18201
大理白族菜馆,102.72316,24.98761,,,,,,,,,,,3,26194
 ,102.722893,24.98725454,,,,,,,,,,,3,29857
 ,102.7227233,24.98731169,,,,,,,,,,,3,40719
 ,102.7223528,24.98740803,,,,,,,,,,,3,49560
 ,102.7234852,24.98629316,,,,,,,,,,,3,33301
 ,102.7232665,24.98640134,,,,,,,,,,,3,34160
 ,102.7237558,24.98689476,,,,,,,,,,,3,34281
 ,102.7232896,24.98646029,,,,,,,,,,,3,34641
 ,102.7231468,24.98621049,,,,,,,,,,,3,37330
 ,102.7232077,24.9863544,,,,,,,,,,,3,38775
 ,102.72342330000001,24.98618025,,,,,,,,,,,3,38881
 ,102.723579,24.986561,,,,,,,,,,,3,38930
 ,102.7237988,24.98690772,,,,,,,,,,,3,40335
 ,102.72340329999999,24.98613624,,,,,,,,,,,3,41040
 ,102.7234444,24.98624118,,,,,,,,,,,3,41041
 ,102.72399250000001,24.98685453,,,,,,,,,,,3,41047
 ,102.72349820000001,24.98634014,,,,,,,,,,,3,41462
 ,102.7234373,24.9862082,,,,,,,,,,,3,46500
 ,102.72355309999999,24.98650506,,,,,,,,,,,3,46651
 ,102.7237108,24.98688081,,,,,,,,,,,3,47068
 ,102.7229171,24.98559485,,,,,,,,,,,3,34782
 ,102.722972,24.98572877,,,,,,,,,,,3,35464
 ,102.7228653,24.98586984,,,,,,,,,,,3,36040
 ,102.7229351,24.98563881,,,,,,,,,,,3,37995
 ,102.72290109999999,24.98585279,,,,,,,,,,,3,39554
 ,102.7228972,24.98554787,,,,,,,,,,,3,40242
 ,102.7228352,24.98588388,,,,,,,,,,,3,41461
 ,102.7230001,24.98577971,,,,,,,,,,,3,49234
