name,longitude,latitude,phone,address,district,city,area,zipcodetype,datatype,date,creator,source,index
 ,102.801742,24.89416974,,,,,,,,,,,3,35024
 ,102.8023508,24.89321475,,,,,,,,,,,3,30474
 ,102.8020745,24.8934443,,,,,,,,,,,3,31412
 ,102.8021155,24.89348138,,,,,,,,,,,3,31913
 ,102.8026071,24.89307818,,,,,,,,,,,3,34871
 ,102.8010492,24.8933876,,,,,,,,,,,3,29719
昆明市呈贡区安监局,102.801764,24.892058,,,,,,,,,,,3,5927
中国太平洋财产保险呈贡县支公司,102.80156,24.89205,,,,,,,,,,,3,12949
春华园思茅野菜馆,102.8007,24.89153,,,,,,,,,,,2,2267
丽江野山药火锅园,102.800741,24.891635,,,,,,,,,,,2,2834
顺清牛菜馆,102.80079,24.8917,,,,,,,,,,,3,16688
抚仙湖农家园,102.80058,24.89113,,,,,,,,,,,3,18824
爽口香煮品,102.80061,24.8912,,,,,,,,,,,3,19781
呈贡玉梅火锅店,102.80074,24.89148,,,,,,,,,,,3,19959
春华园思茅野菜馆,102.80067,24.89133,,,,,,,,,,,3,19960
丽江野山药火锅园,102.80075,24.89159,,,,,,,,,,,3,22098
顺清牛菜馆火锅店,102.80099,24.89212,,,,,,,,,,,3,24277
 ,102.8008528,24.89142024,,,,,,,,,,,3,29339
 ,102.8008388,24.89228325,,,,,,,,,,,3,30782
 ,102.8006156,24.89140787,,,,,,,,,,,3,32775
 ,102.800291,24.8917703,,,,,,,,,,,3,34226
 ,102.8007828,24.89132511,,,,,,,,,,,3,34599
 ,102.8006516,24.89218691,,,,,,,,,,,3,37560
 ,102.8004674,24.89203562,,,,,,,,,,,3,38533
 ,102.8004613,24.89160258,,,,,,,,,,,3,48281
 ,102.8005465,24.89211977,,,,,,,,,,,3,48289
 ,102.8006847,24.89220198,,,,,,,,,,,3,48702
 ,102.80004079999999,24.89146389,,,,,,,,,,,3,48814
 ,102.80067070000001,24.89133996,,,,,,,,,,,3,48868
 ,102.800999,24.89156249,,,,,,,,,,,3,50389
 ,102.80034609999998,24.89094441,,,,,,,,,,,3,51142
心之颜医疗美容养生会所,102.80131,24.89208,,,,,,,,,,,3,53420
大脚足疗养生中心,102.80069,24.891389999999998,,,,,,,,,,,3,54480
零度边缘酒吧,102.80156,24.89113,,,,,,,,,,,3,55040
0度造型,102.8009,24.89206,,,,,,,,,,,3,58434
青又香饭庄,102.80179,24.89275,,,,,,,,,,,3,25488
温馨饭店,102.80123,24.89263,,,,,,,,,,,3,26535
尝来常往饭店,102.80128,24.89274,,,,,,,,,,,3,28147
 ,102.8011012,24.89246667,,,,,,,,,,,3,30130
 ,102.801773,24.89246681,,,,,,,,,,,3,32084
 ,102.801771,24.8916398,,,,,,,,,,,3,32309
 ,102.8018952,24.89230202,,,,,,,,,,,3,33483
 ,102.8018432,24.89292491,,,,,,,,,,,3,33503
 ,102.8016679,24.89279162,,,,,,,,,,,3,35282
 ,102.801733,24.89251973,,,,,,,,,,,3,36118
 ,102.801787,24.89243882,,,,,,,,,,,3,37077
 ,102.801766,24.8928588,,,,,,,,,,,3,38138
 ,102.8012294,24.89252189,,,,,,,,,,,3,38139
 ,102.80145259999999,24.89240925,,,,,,,,,,,3,40693
 ,102.8018531,24.89237793,,,,,,,,,,,3,43385
 ,102.80170190000001,24.89257368,,,,,,,,,,,3,43419
 ,102.8015818,24.89274347,,,,,,,,,,,3,43488
 ,102.8023817,24.892633800000002,,,,,,,,,,,3,44509
 ,102.80138559999999,24.89249417,,,,,,,,,,,3,46644
 ,102.8012713,24.89254497,,,,,,,,,,,3,48701
 ,102.801731,24.89282874,,,,,,,,,,,3,50582
 ,102.8020954,24.89242734,,,,,,,,,,,3,50638
 ,102.8015638,24.89224145,,,,,,,,,,,3,51120
人民公社,102.8023,24.89145,,,,,,,,,,,3,57196
英子专业美容,102.80181999999999,24.89152,,,,,,,,,,,3,57285
蓝悦,102.80229,24.891579999999998,,,,,,,,,,,3,58777
 ,102.8012755,24.89307998,,,,,,,,,,,3,29765
 ,102.8012294,24.89349191,,,,,,,,,,,3,30962
 ,102.8006797,24.89315099,,,,,,,,,,,3,31169
 ,102.8002061,24.89316521,,,,,,,,,,,3,31391
 ,102.8007718,24.89268213,,,,,,,,,,,3,31641
 ,102.8012395,24.8935019,,,,,,,,,,,3,33798
 ,102.8013106,24.89354105,,,,,,,,,,,3,33830
 ,102.8016038,24.8931725,,,,,,,,,,,3,35156
 ,102.8010982,24.89330466,,,,,,,,,,,3,36069
 ,102.8011653,24.8937548,,,,,,,,,,,3,36479
 ,102.801674,24.89322564,,,,,,,,,,,3,36604
 ,102.8012584,24.89310995,,,,,,,,,,,3,36709
 ,102.8015537,24.89312844,,,,,,,,,,,3,37325
 ,102.8006125,24.89310585,,,,,,,,,,,3,37651
 ,102.8015838,24.89315747,,,,,,,,,,,3,38076
 ,102.8012945,24.893064000000003,,,,,,,,,,,3,39025
 ,102.8001881,24.89314316,,,,,,,,,,,3,39172
 ,102.80132440000001,24.89304407,,,,,,,,,,,3,39555
 ,102.8012774,24.89351999,,,,,,,,,,,3,39697
 ,102.800873,24.89276732,,,,,,,,,,,3,40380
 ,102.8005936,24.89393682,,,,,,,,,,,3,40643
 ,102.8013494,24.89301311,,,,,,,,,,,3,40898
 ,102.8006897,24.89262899,,,,,,,,,,,3,43245
 ,102.8013755,24.89299713,,,,,,,,,,,3,44847
 ,102.8004944,24.89360567,,,,,,,,,,,3,45482
 ,102.80166190000001,24.8932076,,,,,,,,,,,3,45597
 ,102.8014727,24.89305428,,,,,,,,,,,3,46239
 ,102.80119029999999,24.89346783,,,,,,,,,,,3,47096
 ,102.8005135,24.8933457,,,,,,,,,,,3,47210
 ,102.8014267,24.89305122,,,,,,,,,,,3,47408
 ,102.80152779999999,24.89310639,,,,,,,,,,,3,48175
 ,102.8002392,24.89320125,,,,,,,,,,,3,50444
 ,102.8016319,24.89318555,,,,,,,,,,,3,50897
 ,102.8015858,24.89329548,,,,,,,,,,,3,51130
 ,102.8021596,24.89310945,,,,,,,,,,,3,36117
 ,102.8022125,24.89314352,,,,,,,,,,,3,36605
 ,102.802563,24.8927531,,,,,,,,,,,3,41451
 ,102.8021445,24.89350941,,,,,,,,,,,3,42487
 ,102.8021945,24.89352849,,,,,,,,,,,3,44072
 ,102.80209640000001,24.89345834,,,,,,,,,,,3,44583
 ,102.8022386,24.89315756,,,,,,,,,,,3,45151
 ,102.8026321,24.89282424,,,,,,,,,,,3,45690
 ,102.8027563,24.89291942,,,,,,,,,,,3,46429
 ,102.8021074,24.89307336,,,,,,,,,,,3,47071
 ,102.8027122,24.89296937,,,,,,,,,,,3,49856
 ,102.8020684,24.89345231,,,,,,,,,,,3,51302
 ,102.8016569,24.8940986,,,,,,,,,,,3,36603
 ,102.8018803,24.89420997,,,,,,,,,,,3,48703
