name,longitude,latitude,phone,address,district,city,area,zipcodetype,datatype,date,creator,source,index
昆明星耀艺术培训中心,102.76349300000001,24.944009,,,,,,,,,,,3,50857
鑫源农家菜,102.76357,24.94499,,,,,,,,,,,3,8721
重庆德庄火锅,102.76479,24.94557,,,,,,,,,,,3,5242
阿瓦山寨主题餐厅云南昆明店,102.76446999999999,24.94596,,,,,,,,,,,3,5336
皇家烤官,102.7646,24.94596,,,,,,,,,,,3,6535
去茶去茶餐厅昆明店,102.76399,24.94595,,,,,,,,,,,3,7729
泡点奶茶工坊NO．8,102.76474,24.94586,,,,,,,,,,,3,10565
红骨羊汤锅,102.76473,24.945729999999998,,,,,,,,,,,3,13974
南国海鲜自助美食汇新亚洲旗舰店,102.76446,24.945339999999998,,,,,,,,,,,3,13975
永昌牛肉体育城店,102.76476,24.94545,,,,,,,,,,,3,14304
旺统花园星耀店,102.7638,24.94556,,,,,,,,,,,3,15150
星网咖航景网络,102.76459,24.94618,,,,,,,,,,,3,16093
夜时尚台球俱乐部,102.76399,24.94595,,,,,,,,,,,3,16727
民俗民间文化广场,102.76556,24.945429999999998,,,,,,,,,,,3,16983
海娜从头开始健发馆,102.76459,24.94618,,,,,,,,,,,3,17519
唯SPA美容养生会所,102.76418000000001,24.94531,,,,,,,,,,,3,17552
金生丽水温泉水疗中心,102.76547,24.94608,,,,,,,,,,,3,19866
东翰足疗会所,102.76474,24.945320000000002,,,,,,,,,,,3,20291
妙音量贩式KTV,102.76474,24.94579,,,,,,,,,,,3,22089
丝域养发馆NO．241,102.76419,24.94621,,,,,,,,,,,3,22265
重庆德庄火锅,102.76479,24.94537,,,,,,,,,,,3,25102
阿瓦山寨主题餐厅云南昆明店,102.76446999999999,24.94576,,,,,,,,,,,3,25196
皇家烤官,102.7646,24.94576,,,,,,,,,,,3,26395
去茶去茶餐厅昆明店,102.76399,24.94575,,,,,,,,,,,3,27589
泡点奶茶工坊NO．8,102.76474,24.94566,,,,,,,,,,,3,30425
红骨羊汤锅,102.76473,24.945529999999998,,,,,,,,,,,3,33834
南国海鲜自助美食汇新亚洲旗舰店,102.76446,24.94514,,,,,,,,,,,3,33835
永昌牛肉体育城店,102.76476,24.94525,,,,,,,,,,,3,34164
星网咖航景网络,102.76459,24.94598,,,,,,,,,,,3,35953
夜时尚台球俱乐部,102.76399,24.94575,,,,,,,,,,,3,36587
民俗民间文化广场,102.76556,24.94523,,,,,,,,,,,3,36843
海娜从头开始健发馆,102.76459,24.94598,,,,,,,,,,,3,37379
唯SPA美容养生会所,102.76418000000001,24.94511,,,,,,,,,,,3,37412
金生丽水温泉水疗中心,102.76547,24.94588,,,,,,,,,,,3,39726
凯天娱乐中心,102.76564,24.94593,,,,,,,,,,,3,39846
东翰足疗会所,102.76474,24.945120000000003,,,,,,,,,,,3,40151
妙音量贩式KTV,102.76474,24.94559,,,,,,,,,,,3,41949
丝域养发馆NO．241,102.76419,24.94601,,,,,,,,,,,3,42125
海港城海鲜酒楼新亚洲店,102.76337,24.944670000000002,,,,,,,,,,,3,14230
养身堂盲人按摩中心,102.76314,24.94519,,,,,,,,,,,3,16397
发之源发型创绎,102.7631,24.9452,,,,,,,,,,,3,16530
健康堂,102.76298,24.94524,,,,,,,,,,,3,21593
佳润副食饮品,102.76245,24.94387,,,,,,,,,,,3,6825
金苹金果水晶堡NO．20,102.76262,24.94408,,,,,,,,,,,3,16259
聚贤一足,102.76207,24.943920000000002,,,,,,,,,,,3,17464
舒美阁经络调理中心体育城店,102.7626,24.94408,,,,,,,,,,,3,17472
魔之瘦专业减肥全国连锁水晶堡店,102.76276,24.94426,,,,,,,,,,,3,21017
吉祥按摩,102.76279,24.94429,,,,,,,,,,,3,21666
官渡区疾病预防控制中心综合门诊,102.762813,24.944336,,,,,,,,,,,3,23009
福林堂星耀国药店,102.76293199999999,24.944468999999998,,,,,,,,,,,3,23027
佳润副食饮品,102.76245,24.94367,,,,,,,,,,,3,26685
金苹金果水晶堡NO．20,102.76262,24.94388,,,,,,,,,,,3,36119
聚贤一足,102.76207,24.943720000000003,,,,,,,,,,,3,37324
舒美阁经络调理中心体育城店,102.7626,24.94388,,,,,,,,,,,3,37332
魔之瘦专业减肥全国连锁水晶堡店,102.76276,24.94406,,,,,,,,,,,3,40877
吉祥按摩,102.76279,24.94409,,,,,,,,,,,3,41526
官渡区疾病预防控制中心综合门诊,102.762813,24.944136,,,,,,,,,,,3,42869
福林堂星耀国药店,102.76293199999999,24.944269,,,,,,,,,,,3,42887
朝桦口腔诊所,102.762845,24.944181,,,,,,,,,,,3,44649
昆明市官渡区房产交易中心便民服务点,102.763017,24.943951000000002,,,,,,,,,,,3,49806
中国人民财产保险公司新亚洲体育城中心服务站,102.76297,24.943929999999998,,,,,,,,,,,3,54095
矣六星汇园社区卫生站,102.763573,24.945019,,,,,,,,,,,3,23210
鑫源农家菜,102.76357,24.94479,,,,,,,,,,,3,28581
海港城海鲜酒楼新亚洲店,102.76337,24.944470000000003,,,,,,,,,,,3,34090
旺统花园星耀店,102.7638,24.94536,,,,,,,,,,,3,35010
养身堂盲人按摩中心,102.76314,24.94499,,,,,,,,,,,3,36257
发之源发型创绎,102.7631,24.945,,,,,,,,,,,3,36390
健康堂,102.76298,24.94504,,,,,,,,,,,3,41453
矣六星汇园社区卫生站,102.763573,24.944819,,,,,,,,,,,3,43070
济民药店,102.763525,24.944766,,,,,,,,,,,3,45641
思咪哒休闲吧,102.76454,24.94347,,,,,,,,,,,3,14231
曼谷·夜都演艺会所,102.76416,24.94357,,,,,,,,,,,3,19350
尤文华曦KTV娱乐会所,102.76432,24.94361,,,,,,,,,,,3,20107
思咪哒休闲吧,102.76454,24.943270000000002,,,,,,,,,,,3,34091
曼谷·夜都演艺会所,102.76416,24.94337,,,,,,,,,,,3,39210
尤文华曦KTV娱乐会所,102.76432,24.94341,,,,,,,,,,,3,39967
星耀社区综合大学,102.76349300000001,24.944009,,,,,,,,,,,3,52419
