name,longitude,latitude,phone,address,district,city,area,zipcodetype,datatype,date,creator,source,index
老四川酸萝卜乌江鱼馆新迎总店,102.7348,25.05502,,,,,,,,,,,3,9078
杨林闻氏兄弟闻老三酸菜鱼总店,102.73606,25.05424,,,,,,,,,,,3,6212
溢锅,102.73553000000001,25.054689999999997,,,,,,,,,,,3,6460
壹家院子家常菜,102.73606,25.05424,,,,,,,,,,,3,10628
玉溪风味卤面,102.73562,25.0546,,,,,,,,,,,3,12643
杨林闻氏兄弟闻老三酸菜鱼总店,102.73606,25.05404,,,,,,,,,,,3,26072
溢锅,102.73553000000001,25.054489999999998,,,,,,,,,,,3,26320
壹家院子家常菜,102.73606,25.05404,,,,,,,,,,,3,30488
玉溪风味卤面,102.73562,25.0544,,,,,,,,,,,3,32503
迷你饭馆,102.73536999999999,25.056179999999998,,,,,,,,,,,3,5401
矮郎田鸡罗非鱼庄,102.73554,25.05548,,,,,,,,,,,3,6919
黄记傣家风味馄饨,102.73506,25.05699,,,,,,,,,,,3,8902
海稍鱼,102.7352,25.05602,,,,,,,,,,,3,11583
仁和堂,102.73523,25.05644,,,,,,,,,,,3,15851
安然纳米汗蒸健康生活馆,102.73529,25.05669,,,,,,,,,,,3,15852
圣手推拿,102.73526,25.056720000000002,,,,,,,,,,,3,16265
首艺形象工社,102.73467,25.0566,,,,,,,,,,,3,16272
昆明理工大学物理实验中心,102.736496,25.055822,,,,,,,,,,,1,3112
回味重庆老火锅,102.73671,25.056279999999997,,,,,,,,,,,3,6741
家森饺子店,102.73652,25.05611,,,,,,,,,,,3,7543
福建风味,102.73741,25.055889999999998,,,,,,,,,,,3,12057
浴足轩足浴,102.73631999999999,25.05624,,,,,,,,,,,3,16635
刘云经穴推拿,102.73699,25.05626,,,,,,,,,,,3,17595
新迎酒号,102.73648,25.05639,,,,,,,,,,,3,18754
王氏果菜美容院,102.73655,25.05646,,,,,,,,,,,3,18767
ONS　ｂａｒ,102.73640999999999,25.05631,,,,,,,,,,,3,19549
水月塔足浴,102.73574,25.05568,,,,,,,,,,,3,19716
雅妆美业新迎新元店,102.73586999999999,25.05548,,,,,,,,,,,3,20903
佳美,102.73696,25.05629,,,,,,,,,,,3,21605
回味重庆老火锅,102.73671,25.056079999999998,,,,,,,,,,,3,26601
家森饺子店,102.73652,25.05591,,,,,,,,,,,3,27403
福建风味,102.73741,25.05569,,,,,,,,,,,3,31917
和兴按摩足疗中心,102.73688,25.05656,,,,,,,,,,,3,35859
浴足轩足浴,102.73631999999999,25.05604,,,,,,,,,,,3,36495
平头王,102.73631,25.056639999999998,,,,,,,,,,,3,36825
刘云经穴推拿,102.73699,25.056060000000002,,,,,,,,,,,3,37455
新迎酒号,102.73648,25.05619,,,,,,,,,,,3,38614
王氏果菜美容院,102.73655,25.05626,,,,,,,,,,,3,38627
ONS　ｂａｒ,102.73640999999999,25.05611,,,,,,,,,,,3,39409
水月塔足浴,102.73574,25.05548,,,,,,,,,,,3,39576
曼雅纤体瘦身馆,102.73634,25.05661,,,,,,,,,,,3,39826
金剪地,102.7364,25.05655,,,,,,,,,,,3,40560
雅妆美业新迎新元店,102.73586999999999,25.05528,,,,,,,,,,,3,40763
佳美,102.73696,25.05609,,,,,,,,,,,3,41465
宛若新生美容院,102.73479,25.055979999999998,,,,,,,,,,,3,16710
祥云美发,102.73528,25.0561,,,,,,,,,,,3,18157
三春盲人按摩,102.73487,25.0561,,,,,,,,,,,3,18158
双子座酒吧,102.73481,25.05601,,,,,,,,,,,3,19153
咭客足道,102.73509,25.056579999999997,,,,,,,,,,,3,19744
凯妃美容工作室,102.73503000000001,25.05696,,,,,,,,,,,3,21911
海娜养发堂昆明新迎店,102.73534000000001,25.056639999999998,,,,,,,,,,,3,22021
名派发艺会所,102.7347,25.056620000000002,,,,,,,,,,,3,22380
盘龙桂萍诊所,102.735208,25.056801999999998,,,,,,,,,,,3,22584
盘龙澳登士口腔门诊部,102.735025,25.056207999999998,,,,,,,,,,,3,22773
迷你饭馆,102.73536999999999,25.055979999999998,,,,,,,,,,,3,25261
黄记傣家风味馄饨,102.73506,25.05679,,,,,,,,,,,3,28762
海稍鱼,102.7352,25.05582,,,,,,,,,,,3,31443
味而城台湾小吃,102.73518,25.05689,,,,,,,,,,,3,32885
仁和堂,102.73523,25.05624,,,,,,,,,,,3,35711
安然纳米汗蒸健康生活馆,102.73529,25.05649,,,,,,,,,,,3,35712
圣手推拿,102.73526,25.056520000000003,,,,,,,,,,,3,36125
首艺形象工社,102.73467,25.0564,,,,,,,,,,,3,36132
宛若新生美容院,102.73479,25.05578,,,,,,,,,,,3,36570
祥云美发,102.73528,25.0559,,,,,,,,,,,3,38017
三春盲人按摩,102.73487,25.0559,,,,,,,,,,,3,38018
双子座酒吧,102.73481,25.05581,,,,,,,,,,,3,39013
咭客足道,102.73509,25.056379999999997,,,,,,,,,,,3,39604
凯妃美容工作室,102.73503000000001,25.05676,,,,,,,,,,,3,41771
海娜养发堂昆明新迎店,102.73534000000001,25.05644,,,,,,,,,,,3,41881
名派发艺会所,102.7347,25.056420000000003,,,,,,,,,,,3,42240
盘龙桂萍诊所,102.735208,25.056601999999998,,,,,,,,,,,3,42444
盘龙澳登士口腔门诊部,102.735025,25.056008,,,,,,,,,,,3,42633
微客快品,102.73461,25.05518,,,,,,,,,,,3,10731
乐口福海鲜坊,102.73515,25.05513,,,,,,,,,,,3,11496
心满意足,102.7353,25.05527,,,,,,,,,,,3,16943
靓颜养生堂,102.73456,25.05521,,,,,,,,,,,3,18979
矮郎田鸡罗非鱼庄,102.73554,25.05528,,,,,,,,,,,3,26779
老四川酸萝卜乌江鱼馆新迎总店,102.7348,25.05482,,,,,,,,,,,3,28938
微客快品,102.73461,25.05498,,,,,,,,,,,3,30591
乐口福海鲜坊,102.73515,25.05493,,,,,,,,,,,3,31356
心满意足,102.7353,25.05507,,,,,,,,,,,3,36803
腾冲特色饵丝店胜利分店,102.73361,25.05593,,,,,,,,,,,3,8903
席子营小游园,102.733541,25.056862,,,,,,,,,,,1,1697
正宗兰州拉面,102.73392,25.05622,,,,,,,,,,,3,6604
旧金山酒吧,102.73406,25.05633,,,,,,,,,,,3,19948
私人会发艺沙龙,102.73441,25.05667,,,,,,,,,,,3,20838
旧金山酒吧,102.73406,25.05613,,,,,,,,,,,3,39808
私人会发艺沙龙,102.73441,25.05647,,,,,,,,,,,3,40698
席子营小游园,102.733541,25.057062,,,,,,,,,,,1,55989
七彩俊园,102.73355699999999,25.054417,,,,,,,,,,,1,2350
嫡炉火锅,102.73306,25.054835,,,,,,,,,,,1,4183
味美鲜自贡梭边鱼新迎店,102.73294,25.05497,,,,,,,,,,,3,6918
红蜻蜓重庆火锅,102.73299999999999,25.05503,,,,,,,,,,,3,8654
宣威杀猪饭,102.73286,25.05492,,,,,,,,,,,3,9154
盐津菜馆,102.73272,25.054779999999997,,,,,,,,,,,3,11582
彩云武定农家缘,102.73307,25.055079999999997,,,,,,,,,,,3,13223
谭氏宣威火腿馆,102.73317,25.055220000000002,,,,,,,,,,,3,15512
味美鲜自贡梭边鱼新迎店,102.73294,25.05477,,,,,,,,,,,3,26778
红蜻蜓重庆火锅,102.73299999999999,25.05483,,,,,,,,,,,3,28514
宣威杀猪饭,102.73286,25.05472,,,,,,,,,,,3,29014
盐津菜馆,102.73272,25.054579999999998,,,,,,,,,,,3,31442
彩云武定农家缘,102.73307,25.054879999999997,,,,,,,,,,,3,33083
谭氏宣威火腿馆,102.73317,25.055020000000003,,,,,,,,,,,3,35372
ｅ旧棋牌,102.7334,25.0552,,,,,,,,,,,3,40099
昆明康万生物科技公司,102.732789,25.054976999999997,,,,,,,,,,,3,44071
七彩俊园,102.73355699999999,25.054617,,,,,,,,,,,1,56642
尚美发型秀场新迎店,102.7342,25.055829999999997,,,,,,,,,,,3,18287
ｅ旧棋牌,102.7334,25.0554,,,,,,,,,,,3,20239
正宗兰州拉面,102.73392,25.05602,,,,,,,,,,,3,26464
腾冲特色饵丝店胜利分店,102.73361,25.05573,,,,,,,,,,,3,28763
尚美发型秀场新迎店,102.7342,25.055629999999997,,,,,,,,,,,3,38147
健之佳健康药房NO．006,102.734059,25.055454,,,,,,,,,,,3,45900
云南省水利厅农村水电及电气化发展局,102.733652,25.055425,,,,,,,,,,,3,49904
华夏银行ATM,102.73342,25.05556,,,,,,,,,,,3,52981
中国银行新迎北区支行,102.73404000000001,25.05581,,,,,,,,,,,3,53023
靓颜养生堂,102.73456,25.05501,,,,,,,,,,,3,38839
华泰保险专属代理,102.7354,25.05517,,,,,,,,,,,3,54127
