COCO蜜城,102.721183,25.00030785,,,,,,,,,,,2,1
H公寓,102.71592,25.014668,,,,,,,,,,,2,2
SOHO俊园（星雅俊园）,102.728827,25.06633458,,,,,,,,,,,2,3
U族部落,102.6811829,25.0849762,,,,,,,,,,,2,4
爱地花园,102.721914,25.00017596,,,,,,,,,,,2,5
安康园,102.7291118,25.10535916,,,,,,,,,,,2,6
奥宸中心,102.69649,24.989807,,,,,,,,,,,2,7
白龙花苑,102.7510979,25.06978512,,,,,,,,,,,2,8
白龙潭俊园B园,102.8616694,24.89394861,,,,,,,,,,,2,9
白龙新区,102.7481202,25.06748633,,,,,,,,,,,2,10
白马小区,102.68255620000001,25.04115073,,,,,,,,,,,2,11
白沙润园,102.7844161,25.05433899,,,,,,,,,,,2,12
百大国际花园,102.6685725,25.07259072,,,,,,,,,,,2,13
百大国际派,102.654576,25.084723999999998,,,,,,,,,,,2,14
版筑青果,102.65449,25.056804999999997,,,,,,,,,,,2,15
半岛华府,102.70208000000001,24.949709,,,,,,,,,,,2,16
邦盛南城坊商铺,102.73607249999999,24.98936395,,,,,,,,,,,2,17
保利大家,102.67964,25.079867999999998,,,,,,,,,,,2,18
保利堂悦,102.729606,24.978289,,,,,,,,,,,2,19
保利玺樾,102.748274,25.073428,,,,,,,,,,,2,20
北仓园丁小区,102.7466004,25.10793646,,,,,,,,,,,2,21
北辰小区杜鹃苑,102.74613620000001,25.09106992,,,,,,,,,,,2,22
北辰小区樱花苑,102.74056259999999,25.08807963,,,,,,,,,,,2,23
北大资源博泰城,102.695458,25.047957,,,,,,,,,,,2,24
北大资源颐和1898,102.720219,24.93672,,,,,,,,,,,2,25
彼岸小区二期,102.8288192,25.03131098,,,,,,,,,,,2,26
碧桂园KCC云南映象,102.756433,25.093485,,,,,,,,,,,2,27
碧桂园半山龙庭,102.72521400000001,25.105754,,,,,,,,,,,2,28
碧桂园北城映象,102.749765,25.098232,,,,,,,,,,,2,29
碧桂园都荟,102.745536,25.12686,,,,,,,,,,,2,30
碧桂园凤凰湾,102.78137199999999,25.053503,,,,,,,,,,,2,31
碧桂园Z台,102.775501,25.046181,,,,,,,,,,,2,32
碧桂园昆明中心,102.726023,25.040186,,,,,,,,,,,2,33
碧桂园玺台,102.667129,25.096463,,,,,,,,,,,2,34
碧桂园御龙半山 ,102.726481,25.12295,,,,,,,,,,,2,35
碧桂园紫台,102.686755,25.006196,,,,,,,,,,,2,36
碧鸡名城,102.67808000000001,25.039189999999998,,,,,,,,,,,2,37
碧水蓝天,102.73295209999999,25.00594986,,,,,,,,,,,2,38
滨江俊园塞纳组团,102.73629559999999,25.09781081,,,,,,,,,,,2,39
滨江俊园一期,102.7234611,25.07000092,,,,,,,,,,,2,40
博客寓（爱情公寓）,102.73031280000001,25.08224935,,,,,,,,,,,2,41
博欣采莲湾,102.666751,24.987705,,,,,,,,,,,2,42
彩信园,102.7316232,25.10430076,,,,,,,,,,,2,43
茶马花街,102.619731,24.983795,,,,,,,,,,,2,44
晨光大道（紫云花园）,102.7548914,25.08139901,,,,,,,,,,,2,45
呈贡老城小区,102.8488464,24.84241867,,,,,,,,,,,2,46
呈贡吾悦广场,102.8093071,24.90634567,,,,,,,,,,,2,47
城市山,102.638564,25.045435,,,,,,,,,,,2,48
城市山（马街上村花果山桃花源居）,102.6311472,25.01813669,,,,,,,,,,,2,49
出版社宿舍,102.7183304,25.02121544,,,,,,,,,,,2,50
创客电商产业园区,102.840038,24.94576,,,,,,,,,,,2,51
创意英国,102.6905435,25.05684101,,,,,,,,,,,2,52
春城慧谷B区,102.6550133,25.08707701,,,,,,,,,,,2,53
春城佳墅,102.7585043,24.96942173,,,,,,,,,,,2,54
春城首府,102.652734,24.963429,,,,,,,,,,,2,55
春晖公安大院,102.7140732,25.03469086,,,,,,,,,,,2,56
春漫时光,102.879981,24.961003,,,,,,,,,,,2,57
春苑小区,102.6765559,25.05221869,,,,,,,,,,,2,58
春之城,102.7412712,25.11372338,,,,,,,,,,,2,59
翠明园,102.7080894,25.06036649,,,,,,,,,,,2,60
翠逸园,102.84027859999999,24.95362473,,,,,,,,,,,2,61
大成名园,102.7385319,25.10253529,,,,,,,,,,,2,62
大成蔚蓝时代,102.746719,25.12608389,,,,,,,,,,,2,63
大东新村,102.7319031,25.04776955,,,,,,,,,,,2,64
大都摩天购物中心,102.768371,24.969197,,,,,,,,,,,2,65
大观首府,102.68853399999999,25.038961999999998,,,,,,,,,,,2,66
大诺方舟天地,102.83215600000001,24.945922,,,,,,,,,,,2,67
大商汇,102.7361677,24.98048234,,,,,,,,,,,2,68
德润朗悦湾,102.750149,25.124488,,,,,,,,,,,2,69
第七街区,102.866725,24.865003,,,,,,,,,,,2,70
第三城,102.80212709999999,24.96911974,,,,,,,,,,,2,71
滇池高尔夫别墅,102.69140920000001,24.99338295,,,,,,,,,,,2,72
滇池国际会展中心・山海湾,102.71435,24.948187,,,,,,,,,,,2,73
滇池俊府,102.75355,24.935845999999998,,,,,,,,,,,2,74
滇池康城一组团,102.6674837,24.99082694,,,,,,,,,,,2,75
滇池岭秀一期（银水湾）,102.7255317,24.98575184,,,,,,,,,,,2,76
滇池名门,102.698471,24.986658,,,,,,,,,,,2,77
滇池明珠广场,102.8355,24.87504,,,,,,,,,,,2,78
滇池时代,102.684884,25.011817999999998,,,,,,,,,,,2,79
滇池卫城蓝调公元,102.6898402,24.98191767,,,,,,,,,,,2,80
滇池源居别墅,102.6994279,24.99791164,,,,,,,,,,,2,81
鼎晟国际,102.725348,25.019164,,,,,,,,,,,2,82
鼎易天城,102.6668661,25.07639985,,,,,,,,,,,2,83
东方丽苑,102.7687073,25.08530045,,,,,,,,,,,2,84
东华小区,102.73866140000001,25.0508718,,,,,,,,,,,2,85
东陆城,102.6901642,25.03657675,,,,,,,,,,,2,86
东盟森林,102.80869,24.912472,,,,,,,,,,,2,87
东骧神骏,102.764191,25.037543,,,,,,,,,,,2,88
东骧神骏二期（慢哉）,102.76024190000001,25.04090564,,,,,,,,,,,2,89
东骧神骏一期,102.7492047,25.04245581,,,,,,,,,,,2,90
东信中心城,102.845021,24.954803,,,,,,,,,,,2,91
东旭骏城,102.78621,25.033533,,,,,,,,,,,2,92
东旭御山湖,102.858304,24.971948,,,,,,,,,,,2,93
董家湾小区,102.74155329999999,25.04197239,,,,,,,,,,,2,94
都市春天,102.67969709999998,25.0743495,,,,,,,,,,,2,95
泛亚城邦,102.864407,24.851208,,,,,,,,,,,2,96
泛亚港鑫国际汽车城,102.61791600000001,24.992985,,,,,,,,,,,2,97
枫林盛景东区,0.0,0.0,,,,,,,,,,,2,98
凤凰国际凤凰湾,102.72404499999999,24.985232999999997,,,,,,,,,,,2,99
凤凰御景,102.70237,25.01152,,,,,,,,,,,2,100
福康花园南区,102.6961084,25.02315533,,,,,,,,,,,2,101
高教小区,102.73270129999999,25.09636868,,,,,,,,,,,2,102
高铁时代广场,102.856983,24.867164000000002,,,,,,,,,,,2,103
高新・水岸晴沙,102.8119118,24.79189501,,,,,,,,,,,2,104
高新水岸晴沙,102.795754,24.778062,,,,,,,,,,,2,105
高新文翠园,102.67393840000001,25.0650157,,,,,,,,,,,2,106
亘苑小区,102.6327667,25.01168823,,,,,,,,,,,2,107
公园1903,102.68379,24.989382,,,,,,,,,,,2,108
共信时代广场,102.70890899999999,25.021773,,,,,,,,,,,2,109
固地尚诚商务中心,102.668582,25.091613,,,,,,,,,,,2,110
官房都铎城邦,102.753412,24.943358,,,,,,,,,,,2,111
光辉城市,102.71555409999999,24.98747097,,,,,,,,,,,2,112
广电苑,102.80752700000001,24.807375,,,,,,,,,,,2,113
广电苑和园,102.817324,24.808098,,,,,,,,,,,2,114
广发花园,102.698438,25.03037035,,,,,,,,,,,2,115
广福城雅福园,102.7439489,25.01014102,,,,,,,,,,,2,116
广瑞中心,102.73817,25.071332,,,,,,,,,,,2,117
广源小区一组团,102.75219870000001,24.96605427,,,,,,,,,,,2,118
贵研铂苑,102.7066888,25.09341889,,,,,,,,,,,2,119
桂华新园,102.743449,25.04166972,,,,,,,,,,,2,120
桂华园,102.69929570000001,25.05177962,,,,,,,,,,,2,121
国茶港,102.66972,25.092892000000003,,,,,,,,,,,2,122
国福现代城,102.744608,25.107466,,,,,,,,,,,2,123
果林湖畔,102.852673,24.964454999999997,,,,,,,,,,,2,124
海东俊园,102.745292,24.933033,,,,,,,,,,,2,125
海埂悦府,102.69653199999999,24.983662,,,,,,,,,,,2,126
海公馆,102.69423359999999,24.94178477,,,,,,,,,,,2,127
海伦堡中央广场,102.684935,25.047225,,,,,,,,,,,2,128
海伦国际,102.74995849999999,24.96968409,,,,,,,,,,,2,129
海伦先生,102.689901,25.06883,,,,,,,,,,,2,130
海伦中心,102.672674,25.073291,,,,,,,,,,,2,131
海源・高新天地,102.66425,25.079126000000002,,,,,,,,,,,2,132
海韵枫丹,102.6659483,24.98944566,,,,,,,,,,,2,133
瀚林澜山,102.771935,25.049131,,,,,,,,,,,2,134
行政中心新都昌商业广场,102.832871,24.86983,,,,,,,,,,,2,135
航空小区,102.7275746,24.99643236,,,,,,,,,,,2,136
航空艺术港,102.91860799999999,24.944281,,,,,,,,,,,2,137
豪门金座,102.72876,24.985989,,,,,,,,,,,2,138
和谐世纪（和谐家园）,102.73976640000001,25.10926682,,,,,,,,,,,2,139
河畔俊园,102.75029,24.948589000000002,,,,,,,,,,,2,140
黑林铺省建五公司宿舍,102.6551895,25.06306076,,,,,,,,,,,2,141
恒安新邻居,102.704255,25.07055801,,,,,,,,,,,2,142
恒大翡翠华庭,102.763221,25.11423,,,,,,,,,,,2,143
恒大玖珑湾,102.724929,24.949686,,,,,,,,,,,2,144
恒大名都,102.66583359999998,25.08416188,,,,,,,,,,,2,145
恒大云报华府,102.69915400000001,25.005319,,,,,,,,,,,2,146
恒信花园,102.7008157,25.02941043,,,,,,,,,,,2,147
红星国际广场,102.6887885,25.00192795,,,,,,,,,,,2,148
红星国际晶品,102.68740290000001,25.00229248,,,,,,,,,,,2,149
红星国际紫郡,102.69211609999999,25.00021397,,,,,,,,,,,2,150
红星天铂,102.7453,24.973417,,,,,,,,,,,2,151
虹桥花园,102.7384948,25.00931223,,,,,,,,,,,2,152
候谷花园,102.74019720000001,25.06313857,,,,,,,,,,,2,153
湖畔之梦,115.4847845,38.82187691,,,,,,,,,,,2,154
花花世界,102.795659,24.908233,,,,,,,,,,,2,155
花香四季,102.6829019,25.08132327,,,,,,,,,,,2,156
华都,102.7167875,24.9807032,,,,,,,,,,,2,157
华飞・名盛世界,102.843834,24.902672,,,,,,,,,,,2,158
华飞名盛世界,102.841966,24.909115,,,,,,,,,,,2,159
华龙人家,102.7377359,25.10383575,,,,,,,,,,,2,160
华润悦府,102.7459728,25.03459815,,,,,,,,,,,2,161
华润置地・悦府,102.74082,25.035429999999998,,,,,,,,,,,2,162
华润中央公园,102.77873000000001,25.132772,,,,,,,,,,,2,163
华泰花园,102.7437377,25.01747522,,,,,,,,,,,2,164
华夏天Z湾,102.66114499999999,24.992916,,,,,,,,,,,2,165
华夏曦岸,102.67769679999999,25.00963188,,,,,,,,,,,2,166
华夏御府,102.67166,24.997111999999998,,,,,,,,,,,2,167
华夏园,102.7507074,25.11463641,,,,,,,,,,,2,168
华信名旺角,102.69619399999999,25.002,,,,,,,,,,,2,169
华信悦峰,102.65805999999999,25.067062,,,,,,,,,,,2,170
黄金海岸别墅,102.664047,24.97931785,,,,,,,,,,,2,171
汇都国际一期,102.73268909999999,25.04117048,,,,,,,,,,,2,172
汇和紫薇园,102.759792,25.042373,,,,,,,,,,,2,173
汇荣时代广场,102.736595,25.004932,,,,,,,,,,,2,174
惠景园,102.80958890000001,24.89279323,,,,,,,,,,,2,175
加州枫景,102.6771446,25.01447061,,,,,,,,,,,2,176
佳湖花园,102.7185787,25.00516658,,,,,,,,,,,2,177
佳兆业壹号公馆,102.689621,24.9957,,,,,,,,,,,2,178
假日城市,102.66304509999999,25.06054284,,,,,,,,,,,2,179
假日湾,102.72965190000001,24.98828016,,,,,,,,,,,2,180
建工新城,102.83831500000001,24.954535,,,,,,,,,,,2,181
建设路文明新村,102.7078934,25.07273865,,,,,,,,,,,2,182
江岸小区,102.72014709999999,25.074259299999998,,,,,,,,,,,2,183
江东境界,102.746563,25.120681,,,,,,,,,,,2,184
江东丽景园北苑,102.7442361,25.08386203,,,,,,,,,,,2,185
江东鸣翠园东区,102.7450309,25.08946247,,,,,,,,,,,2,186
金地九樾,102.71179000000001,25.014807,,,,,,,,,,,2,187
金地兰亭广场,102.658111,25.052431,,,,,,,,,,,2,188
金地悦天下,102.71011800000001,25.016467000000002,,,,,,,,,,,2,189
金盾花园南区,102.7036975,24.9868736,,,,,,,,,,,2,190
金桂苑,102.71565840000001,25.01168042,,,,,,,,,,,2,191
金家大院,102.6675377,24.97009089,,,,,,,,,,,2,192
金江小区融苑,102.7475644,25.10923294,,,,,,,,,,,2,193
金康园,102.7126323,25.08537141,,,,,,,,,,,2,194
金科江湖海,102.7021055,24.95245659,,,,,,,,,,,2,195
金科江湖海 ,102.700969,24.956383,,,,,,,,,,,2,196
金科阳光里,102.736338,24.98039098,,,,,,,,,,,2,197
金粮花苑,102.7251329,25.01738459,,,,,,,,,,,2,198
金领时代,102.75093840000001,25.10492325,,,,,,,,,,,2,199
金马悦城,102.7556,25.037461999999998,,,,,,,,,,,2,200
金沙公寓,102.7284775,25.06466866,,,,,,,,,,,2,201
金尚俊园,102.74014720000001,25.06904626,,,,,,,,,,,2,202
金尚俊园一期,102.7675563,25.27401948,,,,,,,,,,,2,203
金实小区,102.73626800000001,25.0797166,,,,,,,,,,,2,204
金实小区春实园,102.73954659999998,25.08105714,,,,,,,,,,,2,205
金实小区求实园,102.7336552,25.08136516,,,,,,,,,,,2,206
金泰国际,102.67767099999999,25.070357,,,,,,,,,,,2,207
金泰国际（一期）,102.6778923,25.06326641,,,,,,,,,,,2,208
金庭小区,102.75696040000001,25.07395953,,,,,,,,,,,2,209
金洲湾蓝屿A区,102.72660970000001,25.06934448,,,,,,,,,,,2,210
锦苑花园,102.72649820000001,25.00691433,,,,,,,,,,,2,211
锦悦四季花园小区,115.53291189999999,38.89751051,,,,,,,,,,,2,212
近华园,102.6810455,25.04474831,,,,,,,,,,,2,213
经典明苑,102.659092,25.055525,,,,,,,,,,,2,214
经开国际金融中心,102.838273,24.950105999999998,,,,,,,,,,,2,215
景秀庄园,102.6944228,25.06858294,,,,,,,,,,,2,216
靖国新村,102.71418759999999,25.04393387,,,,,,,,,,,2,217
军安组团（人民西路132号）,102.6865432,25.0415728,,,,,,,,,,,2,218
俊发・逸天峰,102.73143,25.052854999999997,,,,,,,,,,,2,219
俊发风华商业街,102.851692,24.894197,,,,,,,,,,,2,220
俊发观云海,102.773239,24.928732999999998,,,,,,,,,,,2,221
俊发九夏云水,102.679276,25.001131,,,,,,,,,,,2,222
俊发蓝湖俊园,102.844881,24.921481,,,,,,,,,,,2,223
俊发澜湾俊园,102.6710791,24.98460444,,,,,,,,,,,2,224
俊发生态半岛滇池俊府,102.74430699999999,24.931191000000002,,,,,,,,,,,2,225
俊发生态半岛海东俊园,102.738857,24.926821,,,,,,,,,,,2,226
俊发盛唐城,102.74476390000001,25.0833258,,,,,,,,,,,2,227
俊发盛唐城一期,102.75244690000001,25.07866278,,,,,,,,,,,2,228
俊发时代俊园,102.82021999999999,24.857445000000002,,,,,,,,,,,2,229
俊发湾流海A3地块（琥珀俊园）,102.7601566,24.95824961,,,,,,,,,,,2,230
俊发新螺蛳湾澜湾俊园,102.785656,24.946134,,,,,,,,,,,2,231
骏信国际汽配城,102.798191,24.970025,,,,,,,,,,,2,232
凯旋花园,102.6921041,25.00593329,,,,,,,,,,,2,233
凯旋利车博汇公寓,102.72788929999999,24.98174071,,,,,,,,,,,2,234
凯茵佳园,102.7549515,25.06600189,,,,,,,,,,,2,235
康宏小区（宏达小区）,102.6775943,25.06107757,,,,,,,,,,,2,236
孔雀镇,102.845973,24.875087,,,,,,,,,,,2,237
昆明呈贡吾悦广场,102.82529,24.888288,,,,,,,,,,,2,238
昆明广场,102.73021700000001,25.074888,,,,,,,,,,,2,239
昆明环球时代,102.676342,25.054739,,,,,,,,,,,2,240
昆明西山万达广场,102.712074,25.008226999999998,,,,,,,,,,,2,241
昆明新城吾悦广场,102.66595500000001,25.095329,,,,,,,,,,,2,242
昆明玉器城,102.7556963,25.17229972,,,,,,,,,,,2,243
昆明制药厂生活区,102.6464691,25.03600502,,,,,,,,,,,2,244
兰亭广场,102.6531382,25.05262013,,,,,,,,,,,2,245
蓝光花田国际度假区,102.8077771,24.82765993,,,,,,,,,,,2,246
蓝光林肯公园,102.763185,25.104541,,,,,,,,,,,2,247
蓝光水岸公园,102.73199699999999,24.982349,,,,,,,,,,,2,248
蓝光天娇城,102.82830200000001,24.829539999999998,,,,,,,,,,,2,249
蓝色经典现代洋房,102.737128,25.06450039,,,,,,,,,,,2,250
澜山悦,102.59231390000001,24.95492479,,,,,,,,,,,2,251
理想小镇,102.7153145,25.00291955,,,,,,,,,,,2,252
丽阳星城一期,102.666212,25.07491051,,,,,,,,,,,2,253
良晨水逸二期,102.7165673,24.97956085,,,,,,,,,,,2,254
梁源小区三期,102.66192459999999,25.04865683,,,,,,,,,,,2,255
列侬溪谷,102.6667752,24.99430407,,,,,,,,,,,2,256
林肯公园A2地块,102.75593590000001,25.0942813,,,,,,,,,,,2,257
林业勘察设计院宿舍,102.7453003,25.05747795,,,,,,,,,,,2,258
霖岚国际广场,102.737375,25.060269,,,,,,,,,,,2,259
菱角塘搬迁组团,102.6900057,25.05556244,,,,,,,,,,,2,260
领秀知识城,102.99898,25.241581,,,,,,,,,,,2,261
刘家营西区,102.7000281,25.03419499,,,,,,,,,,,2,262
柳苑小区南区,102.68521390000001,25.02071683,,,,,,,,,,,2,263
龙斗壹号海岸城,102.80853,24.885448999999998,,,,,,,,,,,2,264
龙湖水晶郦城,102.7030073,25.07859164,,,,,,,,,,,2,265
龙华花园,102.743375,25.01286814,,,,,,,,,,,2,266
龙腾世家,102.716011,25.078871,,,,,,,,,,,2,267
龙苑盛景,102.7250997,25.10290103,,,,,,,,,,,2,268
隆居花园,102.6816541,25.013886,,,,,,,,,,,2,269
路建大楼,102.745511,25.145865,,,,,,,,,,,2,270
螺蛳湾国际商贸城,102.775596,24.941489,,,,,,,,,,,2,271
螺蛳湾中心,102.719984,25.028095,,,,,,,,,,,2,272
骆驼湾,102.755344,25.139922,,,,,,,,,,,2,273
绿城・春江明月,102.745026,25.108875,,,,,,,,,,,2,274
绿地iHome（绿地云都会）,102.66855290000001,25.09388564,,,,,,,,,,,2,275
绿地大城天地,102.708995,25.019071,,,,,,,,,,,2,276
绿地滇池国际健康城,102.796376,24.829045999999998,,,,,,,,,,,2,277
绿地海珀澜庭,102.687172,25.026282000000002,,,,,,,,,,,2,278
绿地香树花城,102.66254,25.100458,,,,,,,,,,,2,279
绿地中央广场,102.66832,25.096058,,,,,,,,,,,2,280
绿洲花园,102.7358677,25.0304483,,,,,,,,,,,2,281
马街摩尔城,102.647267,25.037896,,,,,,,,,,,2,282
马可波罗半岛（彩云水榭）,102.65928690000001,24.97891828,,,,,,,,,,,2,283
玫瑰湾小区,102.7255317,24.98738942,,,,,,,,,,,2,284
美的顺城府,102.786199,25.054736,,,,,,,,,,,2,285
美Z欣城,102.7375715,25.10225095,,,,,,,,,,,2,286
美树橙,102.757581,25.0827818,,,,,,,,,,,2,287
魅力之城,102.7794082,24.95368027,,,,,,,,,,,2,288
米兰春天,102.752914,25.026344,,,,,,,,,,,2,289
民委西院,102.6955185,25.04587746,,,,,,,,,,,2,290
铭诚雅苑,102.76553,25.048515,,,,,,,,,,,2,291
铭惠中心,102.761399,24.934609,,,,,,,,,,,2,292
铭门高第,102.6951203,25.0211486,,,,,,,,,,,2,293
南天门,102.7311437,24.99679668,,,,,,,,,,,2,294
南亚风情第壹城星辰苑,102.6933145,25.01347096,,,,,,,,,,,2,295
南亚风情第壹城星光苑,102.69459909999999,25.01690229,,,,,,,,,,,2,296
南亚未来城（美术小区）,102.7590525,25.06440453,,,,,,,,,,,2,297
南苑小区地中海（水岸银沙）,102.6835303,25.0073776,,,,,,,,,,,2,298
南悦城,102.71776,24.985031,,,,,,,,,,,2,299
盘龙区检察院宿舍,102.73459629999999,25.07901192,,,,,,,,,,,2,300
七彩云南古滇名城,102.752028,24.775004,,,,,,,,,,,2,301
浅水湾,102.72874200000001,25.00698996,,,,,,,,,,,2,302
清水佳湖雅居,102.76922900000001,25.100981,,,,,,,,,,,2,303
秋苑小区,102.6605747,25.04513319,,,,,,,,,,,2,304
人民路壹号广场,102.689065,25.052115,,,,,,,,,,,2,305
日新粤寓,102.72464599999999,25.000178,,,,,,,,,,,2,306
融城春晓,102.75319,25.021437,,,,,,,,,,,2,307
融城金阶,102.753748,25.015705,,,,,,,,,,,2,308
融城昆明湖,102.7585061,25.12254258,,,,,,,,,,,2,309
融城优郡,102.70115,25.02792,,,,,,,,,,,2,310
融创春风十里,102.66763,25.084679,,,,,,,,,,,2,311
融创孔雀镇,102.840408,24.866673000000002,,,,,,,,,,,2,312
融创澜h台,102.731201,24.980926,,,,,,,,,,,2,313
瑞鼎城,102.7504725,25.05810431,,,,,,,,,,,2,314
瑞鼎城天玺,102.74741999999999,25.060229999999997,,,,,,,,,,,2,315
润城,102.70308,25.005948,,,,,,,,,,,2,316
山海荟,102.698654,24.948276,,,,,,,,,,,2,317
山海湾,102.70558,24.946343,,,,,,,,,,,2,318
山水白沙,102.7746887,25.05769041,,,,,,,,,,,2,319
山水云亭,106.14008000000001,34.7425273,,,,,,,,,,,2,320
上海东盟商务大厦,102.823755,24.882518,,,,,,,,,,,2,321
上游水岸一期,102.7335641,25.08840903,,,,,,,,,,,2,322
尚源郦城,101.59295159999999,24.8642128,,,,,,,,,,,2,323
省委党校生活区,102.6841507,25.05699921,,,,,,,,,,,2,324
盛高大城二期,102.6992944,25.01591736,,,,,,,,,,,2,325
盛高大城一期,102.69417059999999,25.01782088,,,,,,,,,,,2,326
师大西苑（建设路54号）,102.70073470000001,25.06146377,,,,,,,,,,,2,327
十二棵橡树庄园,102.7213757,25.028117,,,,,,,,,,,2,328
时代风华一期,102.7189301,24.99403927,,,,,,,,,,,2,329
时代俊园,102.82642299999999,24.824441,,,,,,,,,,,2,330
实地花鹤翎,102.70244129999999,25.10215808,,,,,,,,,,,2,331
实力玖如堂,102.710157,25.079598,,,,,,,,,,,2,332
实力郡城,102.7452153,25.12493268,,,,,,,,,,,2,333
实力山语间,102.770758,25.040357999999998,,,,,,,,,,,2,334
实力心城,102.830595,24.887261,,,,,,,,,,,2,335
实力壹方城,102.71463,25.084081,,,,,,,,,,,2,336
世博生态城低碳中心,102.762651,25.087977,,,,,,,,,,,2,337
世博生态城临山邻里,102.7597423,25.07515543,,,,,,,,,,,2,338
世博生态城鸣凤邻里,102.76536999999999,25.086038000000002,,,,,,,,,,,2,339
世博首岸,102.75071,25.068306,,,,,,,,,,,2,340
世豪・香颂时光,102.79113000000001,25.005835,,,,,,,,,,,2,341
世豪香颂时光,102.78455799999999,25.000114,,,,,,,,,,,2,342
世纪城叠春苑,102.7633027,24.9692297,,,,,,,,,,,2,343
世纪城沁春苑,102.7618825,24.97833764,,,,,,,,,,,2,344
书香大地,102.8500543,24.85005631,,,,,,,,,,,2,345
书香门第,102.742439,25.11662095,,,,,,,,,,,2,346
书香水岸,102.7699759,25.09309254,,,,,,,,,,,2,347
曙光小区,102.7470929,25.03897154,,,,,,,,,,,2,348
双城际商务中心,102.784667,24.951334,,,,,,,,,,,2,349
双铁韵城,102.838739,24.874648999999998,,,,,,,,,,,2,350
水晶花园,102.7438202,25.09293365,,,,,,,,,,,2,351
泰D欣城,102.7203772,25.08419501,,,,,,,,,,,2,352
腾龙苑,102.6745115,25.06483416,,,,,,,,,,,2,353
天地之间・广福郡,102.70682,24.985792,,,,,,,,,,,2,354
天骄北麓,102.73576800000001,25.119492,,,,,,,,,,,2,355
天骄北麓南区,102.7370755,25.11609612,,,,,,,,,,,2,356
天怡峰景,102.7488493,25.094872,,,,,,,,,,,2,357
天宇・葡萄街区,102.722534,25.068695,,,,,,,,,,,2,358
听涛雅苑一期,102.657534,24.98682022,,,,,,,,,,,2,359
同德极少墅,102.6740516,24.98673648,,,,,,,,,,,2,360
同德锦江嘉园,102.7229056,24.99567504,,,,,,,,,,,2,361
万彩城,102.719302,25.081114000000003,,,,,,,,,,,2,362
万彩城小区（万彩城二期）,102.7176133,25.07713425,,,,,,,,,,,2,363
万宏国际一期,102.7324508,25.06415856,,,,,,,,,,,2,364
万科城市之光,102.770426,25.052982999999998,,,,,,,,,,,2,365
万科翡翠,102.73364000000001,24.98325,,,,,,,,,,,2,366
万科翡翠滨江,102.70938000000001,24.965815,,,,,,,,,,,2,367
万科公园里,102.787476,24.931723,,,,,,,,,,,2,368
万科金域水岸,102.7328425,25.07976935,,,,,,,,,,,2,369
万科魅力之城,102.7875179,24.95883039,,,,,,,,,,,2,370
万科学府,102.696577,25.069685999999997,,,,,,,,,,,2,371
万科学府北区（二期）,102.7115311,25.06868525,,,,,,,,,,,2,372
万科银海泊岸,102.69944100000001,24.962038,,,,,,,,,,,2,373
万科云子,102.665074,25.066435000000002,,,,,,,,,,,2,374
万象名城（怡合景苑）,102.66827579999999,25.05203862,,,,,,,,,,,2,375
万兴花园,102.7469911,25.01925847,,,,,,,,,,,2,376
王大桥小区,102.768364,25.05376244,,,,,,,,,,,2,377
王家坝小区,102.6957397,25.03134537,,,,,,,,,,,2,378
未名城（紫光公寓）,102.70261040000001,25.00081241,,,,,,,,,,,2,379
五彩点金苑,102.73964050000001,25.00340169,,,,,,,,,,,2,380
五华金盾小区,102.67186740000001,25.013055800000004,,,,,,,,,,,2,381
西坝河小区,102.2767281,24.97330835,,,,,,,,,,,2,382
西仓坡,102.71991729999999,25.08600807,,,,,,,,,,,2,383
西房高新花园,102.6761526,25.07727801,,,,,,,,,,,2,384
西华小区夏蓉里,102.6942319,25.03295179,,,,,,,,,,,2,385
西华苑,102.69085759999999,25.02818682,,,,,,,,,,,2,386
西尚林居（学府公馆）,102.6953465,25.07789953,,,,,,,,,,,2,387
西西里和园（和园小区）,102.6638587,25.04243554,,,,,,,,,,,2,388
西翥园,102.66950229999999,25.0438633,,,,,,,,,,,2,389
希望汇,102.719625,24.98858,,,,,,,,,,,2,390
溪麓南郡,102.78486690000001,25.09703534,,,,,,,,,,,2,391
曦园,102.729805,25.118628,,,,,,,,,,,2,392
曦园（半山七哩溪）,102.71042779999999,25.12320013,,,,,,,,,,,2,393
夏意雅园,102.7162671,24.97846821,,,,,,,,,,,2,394
现代文庭,102.696205,25.065749,,,,,,,,,,,2,395
香榭丽园,102.71445779999999,25.00224419,,,,,,,,,,,2,396
香樟俊园二期,102.73920109999999,25.03435991,,,,,,,,,,,2,397
协信天地,102.6990928,25.06589802,,,,,,,,,,,2,398
新城经开区项目,102.872113,24.966374,,,,,,,,,,,2,399
新城吾悦广场2号地块,102.6643393,25.09022527,,,,,,,,,,,2,400
新时代广场,102.742429,25.114403,,,,,,,,,,,2,401
新闻路56号,102.7050602,25.04668008,,,,,,,,,,,2,402
新希望白麓城,102.658443,25.102501999999998,,,,,,,,,,,2,403
新希望观澜汇,102.712971,24.981408,,,,,,,,,,,2,404
新亚洲水晶堡,102.68355009999999,25.05489348,,,,,,,,,,,2,405
新亚洲体育城星汇园,102.7636566,24.94805527,,,,,,,,,,,2,406
新亚洲体育城星汇园别墅,102.7326813,25.00512505,,,,,,,,,,,2,407
新亚洲万景园,102.7717385,24.96098579,,,,,,,,,,,2,408
新亚洲五环锋尚,102.7731564,24.99420026,,,,,,,,,,,2,409
新亚洲星体花园南区,102.783585,24.97690839,,,,,,,,,,,2,410
新亚洲星宇园,102.7730186,24.96056437,,,,,,,,,,,2,411
新亚洲星云园,102.7792709,24.95592855,,,,,,,,,,,2,412
新亚洲星泽园,102.79585859999999,24.95805564,,,,,,,,,,,2,413
新迎新城,102.74554,25.059061,,,,,,,,,,,2,414
新迎苑（昆明理工大学新迎校区）,102.7413272,25.05738435,,,,,,,,,,,2,415
新月花园,102.7118882,25.04242819,,,,,,,,,,,2,416
鑫都韵城,102.72525,25.024565,,,,,,,,,,,2,417
鑫逸苑,102.7068006,24.99943317,,,,,,,,,,,2,418
星光之约,102.693718,25.07480621,,,,,,,,,,,2,419
兴杰花园,102.6709198,25.04336158,,,,,,,,,,,2,420
兴景逸园,102.83359499999999,24.942604,,,,,,,,,,,2,421
兴盛园,102.6606293,25.08759499,,,,,,,,,,,2,422
兴冶国际,102.8220978,24.89557076,,,,,,,,,,,2,423
兴冶国际,102.7859762,24.901167899999997,,,,,,,,,,,2,424
雪力国际,102.763025,25.04573,,,,,,,,,,,2,425
严家地新村,102.7032676,25.02733003,,,,,,,,,,,2,426
耀龙康城,102.73799100000001,25.1043902,,,,,,,,,,,2,427
耀兴枫丹白露,102.81953399999999,24.99398,,,,,,,,,,,2,428
耀兴枫丹白露一期,102.8166481,24.99527972,,,,,,,,,,,2,429
野鸭湖,102.86667299999999,25.136288,,,,,,,,,,,2,430
野鸭湖酩悦台,102.878068,25.130152,,,,,,,,,,,2,431
野鸭湖山林别墅,102.7706909,25.12387848,,,,,,,,,,,2,432
怡康温泉新村,102.6975641,25.01761912,,,,,,,,,,,2,433
怡园小区,102.72587850000001,24.99024346,,,,,,,,,,,2,434
益龙万象城（益新万象城）,102.73828309999999,25.05307833,,,,,,,,,,,2,435
银海park酒店公寓,102.741014,24.956936,,,,,,,,,,,2,436
银海畅园西区,102.7561757,24.96302444,,,,,,,,,,,2,437
银海花园北区（银海温泉花园）,102.74608190000001,25.01831737,,,,,,,,,,,2,438
银海领域,102.7344873,25.02049264,,,,,,,,,,,2,439
银海尚御,102.7439487,25.01014142,,,,,,,,,,,2,440
银海樱花语春天里,102.7485462,24.96254332,,,,,,,,,,,2,441
银海樱花语幸福里,102.75334000000001,24.963885,,,,,,,,,,,2,442
银河TPARK,102.843779,24.948303,,,,,,,,,,,2,443
银河北庭,102.74562,25.122861999999998,,,,,,,,,,,2,444
银河明珠,102.733147,25.10763,,,,,,,,,,,2,445
银河中央,102.73821,25.113253,,,,,,,,,,,2,446
印象首日封北区,102.75862140000001,25.08409648,,,,,,,,,,,2,447
英茂华府,102.679684,25.065773999999998,,,,,,,,,,,2,448
永昌小区永和里,102.7184558,25.02215316,,,,,,,,,,,2,449
涌鑫昆明之窗,102.843298,24.859904999999998,,,,,,,,,,,2,450
涌鑫昆明之窗（哈佛中心二期）,102.84975990000001,24.86101697,,,,,,,,,,,2,451
雨花国际,102.830376,24.84157,,,,,,,,,,,2,452
雨花寰球LUXURY酒店,102.849683,24.851056,,,,,,,,,,,2,453
御龙春晓城,102.84291999999999,24.93329,,,,,,,,,,,2,454
誉峰国际,102.751762,25.090754999999998,,,,,,,,,,,2,455
园城,102.658129,25.074851000000002,,,,,,,,,,,2,456
圆通街小区,102.71007540000001,25.05499268,,,,,,,,,,,2,457
远洋风景,102.731973,25.10908761,,,,,,,,,,,2,458
远洋新干线,102.825354,24.821294,,,,,,,,,,,2,459
悦中心,102.728163,25.074526000000002,,,,,,,,,,,2,460
云安阳光城,102.6827229,25.06617189,,,,,,,,,,,2,461
云波小区南区,102.7564001,25.08619205,,,,,,,,,,,2,462
云大小区,102.7248634,25.09482917,,,,,,,,,,,2,463
云大知城佳逸盛景,102.80014399999999,24.98007374,,,,,,,,,,,2,464
云福小区,102.7583694,25.09070778,,,,,,,,,,,2,465
云岭天骄,102.7221545,25.08764518,,,,,,,,,,,2,466
云岭星河庄园,102.759428,24.951897,,,,,,,,,,,2,467
云路中心青瓷大宅,102.73511500000001,25.03282419,,,,,,,,,,,2,468
云南艺术家园,102.7250162,24.9394427,,,,,,,,,,,2,469
云南映象B区,102.760588,25.08817515,,,,,,,,,,,2,470
云南映象C区,102.76167170000001,25.08751829,,,,,,,,,,,2,471
云润天阳,102.7685594,25.09322298,,,,,,,,,,,2,472
云通嘉园,102.79241999999999,25.06792,,,,,,,,,,,2,473
云铜时代广场（金碧路）,102.7192282,25.03890385,,,,,,,,,,,2,474
云投中心,102.68638,25.050262,,,,,,,,,,,2,475
云锡小区,102.7488341,25.022292,,,,,,,,,,,2,476
云溪金地,102.648575,25.085075,,,,,,,,,,,2,477
X・星河f@,102.76227,24.953363,,,,,,,,,,,2,478
长水航城,102.944151,25.080151,,,,,,,,,,,2,479
招商海公馆,102.7153854,24.95216751,,,,,,,,,,,2,480
招商海屿城,102.728093,24.991107999999997,,,,,,,,,,,2,481
招商雍景湾,102.70308,24.935631,,,,,,,,,,,2,482
兆丰陆芊城,102.7350098,25.01881949,,,,,,,,,,,2,483
置信银河广场,102.822372,24.884657999999998,,,,,,,,,,,2,484
中房路易公元,102.740426,25.05018375,,,,,,,,,,,2,485
中国滇池花田国际度假区,102.768704,24.897123999999998,,,,,,,,,,,2,486
中国铁建西派国樾,102.74355200000001,25.001067000000003,,,,,,,,,,,2,487
中海半岛华府,102.695898,24.944779,,,,,,,,,,,2,488
中海锦苑,102.73165999999999,25.12047,,,,,,,,,,,2,489
中海龙泉公馆,102.732792,25.118947,,,,,,,,,,,2,490
中海云麓九里,102.79784699999999,25.065127,,,,,,,,,,,2,491
中航城,102.74014,24.953411,,,,,,,,,,,2,492
中航云玺大宅,102.721283,24.947001,,,,,,,,,,,2,493
中航云玺大宅别墅,102.7631989,24.97296906,,,,,,,,,,,2,494
中豪・优活城,102.8488172,24.92100533,,,,,,,,,,,2,495
中豪广场,102.783215,24.936191,,,,,,,,,,,2,496
中豪逸境,102.9511348,25.08342413,,,,,,,,,,,2,497
中豪悦城,102.79476170000001,24.94329643,,,,,,,,,,,2,498
中和巷9号（省政协职工宿舍）,102.71035520000001,25.05104867,,,,,,,,,,,2,499
中建龙熙壹号,102.776962,25.122838,,,,,,,,,,,2,500
中交金地中央公园,102.740543,24.999195,,,,,,,,,,,2,501
中交锦绣雅郡,102.850939,24.889568,,,,,,,,,,,2,502
中南碧桂园樾府,102.782575,25.033620000000003,,,,,,,,,,,2,503
中南云境,102.749276,24.997906,,,,,,,,,,,2,504
中企万派中心,102.753973,25.061594,,,,,,,,,,,2,505
中晟溪城,102.6597451,25.08499596,,,,,,,,,,,2,506
中天城理想中心,102.7322242,25.09255526,,,,,,,,,,,2,507
中天融域,102.7097213,24.98363841,,,,,,,,,,,2,508
中铁水岸青城,102.719251,24.994426,,,,,,,,,,,2,509
中铁云时代广场,102.66709499999999,25.092596,,,,,,,,,,,2,510
中通世纪o荟花园,102.835008,24.858507,,,,,,,,,,,2,511
筑友双河湾,102.705271,24.984664000000002,,,,,,,,,,,2,512
紫东尚苑,102.791448,25.071873,,,,,,,,,,,2,513
紫东苑,102.7963257,25.0595932,,,,,,,,,,,2,514
棕树营小区,102.6898684,25.04667086,,,,,,,,,,,2,515
钻石广场,102.695574,25.037083,,,,,,,,,,,2,516
海口清真风味园,102.61952,24.788398,,,,,,,,,,,2,517
海丰收费站,102.612378,24.777145,,,,,,,,,,,2,518
小海口公交站,102.54287099999999,24.85363,,,,,,,,,,,2,519
云南磷肥厂大桥公交站,102.556977,24.805753,,,,,,,,,,,2,520
桃树村公交站,102.547833,24.834210000000002,,,,,,,,,,,2,521
里仁大村公交站,102.594767,24.799379000000002,,,,,,,,,,,2,522
白鱼口公交站,102.65921,24.8133,,,,,,,,,,,2,523
观音山公交站,102.66947900000001,24.840894,,,,,,,,,,,2,524
海口大桥公交站,102.611793,24.792074,,,,,,,,,,,2,525
云南科技实业有限责任公司依兰商场,102.526162,24.84171,,,,,,,,,,,2,526
中国工商银行24小时自助银行(依兰大药房南),102.52738599999999,24.842024,,,,,,,,,,,2,527
云南省轻工业技工学校(依兰大药房西南),102.52674300000001,24.840612,,,,,,,,,,,2,528
小七十郎山庄,102.667248,24.860576000000002,,,,,,,,,,,2,529
晋宁县古城中学,102.595354,24.744451,,,,,,,,,,,2,530
老街学校,102.594167,24.789856,,,,,,,,,,,2,531
云南水泥厂,102.628941,24.786908,,,,,,,,,,,2,532
昆明第十八中学,102.599999,24.797248,,,,,,,,,,,2,533
云南艺术学院业余艺术教育海口培训中心,102.605756,24.795745,,,,,,,,,,,2,534
东骏大药房海口连锁店,102.606507,24.794656,,,,,,,,,,,2,535
云南北方光学电子集团有限公司技工学校,102.611162,24.792207,,,,,,,,,,,2,536
石城景区,102.589416,24.806199,,,,,,,,,,,2,537
云南西仪工业股份有限公司,102.59243599999999,24.812074,,,,,,,,,,,2,538
又一村,102.663955,24.81094,,,,,,,,,,,2,539
海口特大桥,102.617653,24.781038,,,,,,,,,,,2,540
野山药火腿鸡风干腊排骨美食城海口店,102.620864,24.788014,,,,,,,,,,,2,541
云南省贸易经济学校,102.75205,25.159408,,,,,,,,,,,2,542
云南农业大学建筑工程学院,102.75139899999999,25.157748,,,,,,,,,,,2,543
酸萝卜乌江鱼,102.61369599999999,24.791604,,,,,,,,,,,2,544
白鱼口收费站,102.658508,24.795647,,,,,,,,,,,2,545
昆明市盘龙区小河乡卫生院,102.8428,25.200642000000002,,,,,,,,,,,2,546
野猪林农庄,102.967549,25.130892000000003,,,,,,,,,,,2,547
云南师范大学商学院杨林校区,103.014713,25.239984,,,,,,,,,,,2,548
云南大学滇池学院杨林校区,103.009129,25.237757000000002,,,,,,,,,,,2,549
云南经贸外事职业学院,102.609542,24.801592000000003,,,,,,,,,,,2,550
交通疗养院,102.675092,24.837829,,,,,,,,,,,2,551
牧场高尔夫球会,103.00129,25.186730999999998,,,,,,,,,,,2,552
新华书店(云光医院东),102.612125,24.790256,,,,,,,,,,,2,553
收费站,102.608024,24.771048999999998,,,,,,,,,,,2,554
中平村新村村民小组科技活动中心,102.556404,24.809069,,,,,,,,,,,2,555
恒大金碧天下(西南门),102.56347099999999,24.894157999999997,,,,,,,,,,,2,556
恒大金碧天下,102.56851800000001,24.897563,,,,,,,,,,,2,557
中国信合(长水分理处),102.979933,25.129704,,,,,,,,,,,2,558
小哨中学,102.974097,25.17925,,,,,,,,,,,2,559
新源小区,102.986257,25.181576,,,,,,,,,,,2,560
昆明光华学校,103.004209,25.164803,,,,,,,,,,,2,561
观音寺(观音寺卫生院北),102.671059,24.842004,,,,,,,,,,,2,562
小哨邮政所,102.985222,25.181647,,,,,,,,,,,2,563
浅草堂景怡山庄,102.973924,25.151459,,,,,,,,,,,2,564
昆明实验外语学校,102.98741700000001,25.152192000000003,,,,,,,,,,,2,565
云南农业职业技术学院,102.98575799999999,25.175347,,,,,,,,,,,2,566
花庄河渔村,102.990532,25.180820999999998,,,,,,,,,,,2,567
三江口文化娱乐中心,102.60936099999999,24.787663000000002,,,,,,,,,,,2,568
大观楼,102.66915300000001,25.073942000000002,,,,,,,,,,,2,569
昆明国际万达广场,102.665675,25.07529,,,,,,,,,,,2,570
昆明医科大学第二附属医院,102.67312199999999,25.076998,,,,,,,,,,,2,571
金达莱朝鲜餐厅,102.665263,24.989757,,,,,,,,,,,2,572
也许爱情就在洱海边,102.898339,25.054445,,,,,,,,,,,2,573
昆明滇池,102.895013,25.051160999999997,,,,,,,,,,,2,574
东风广场地铁站A口,102.781302,25.115148,,,,,,,,,,,2,575
西贡码头,102.66771899999999,24.991456,,,,,,,,,,,2,576
云南师范大学商学院,102.65468100000001,25.08644,,,,,,,,,,,2,577
滇池大坝,102.685152,25.075085,,,,,,,,,,,2,578
西双版纳嘎洒国际机场,102.924931,25.072791,,,,,,,,,,,2,579
海丽宾雅度假酒店,102.750289,25.011792,,,,,,,,,,,2,580
昆明市卫生学校,102.998806,25.245207,,,,,,,,,,,2,581
公园1903,102.752833,25.106213,,,,,,,,,,,2,582
昆明云水星际大酒店,102.892911,25.053603,,,,,,,,,,,2,583
博众花园,102.686204,25.090872,,,,,,,,,,,2,584
西双版纳原始森林,102.73996,25.005169,,,,,,,,,,,2,585
洲际酒店,102.74661,25.005986,,,,,,,,,,,2,586
昆明太平大西部建材城,102.591803,24.963510999999997,,,,,,,,,,,2,587
金辰办事处青龙山社区卫生服务站,102.767441,25.096405999999998,,,,,,,,,,,2,588
云南留筠馆,102.658647,24.989683,,,,,,,,,,,2,589
西山区碧鸡凤凰社区卫生服务站,102.63140899999999,24.990456,,,,,,,,,,,2,590
滇池・南郡,102.658564,24.971320000000002,,,,,,,,,,,2,591
众聚园火锅店,102.68087299999999,25.083294,,,,,,,,,,,2,592
康泰园,102.668412,25.004908,,,,,,,,,,,2,593
昆明市五华区瑞和实验学校,102.659665,25.068288,,,,,,,,,,,2,594
百年・明日城市,102.681564,25.076420000000002,,,,,,,,,,,2,595
聂耳墓,102.640183,24.964331,,,,,,,,,,,2,596
正宗兰州手拉面(五华区海源流动人口卫生服务站东北),102.656741,25.091043,,,,,,,,,,,2,597
小小饮吧经学院店,102.65755300000001,25.091997,,,,,,,,,,,2,598
海埂竹苑,102.66911,24.984279,,,,,,,,,,,2,599
红色农家印象,102.768052,24.996470000000002,,,,,,,,,,,2,600
昆明市煌达实验学校,102.650054,25.069136,,,,,,,,,,,2,601
水逸康桥(西南门),102.66238,25.082039,,,,,,,,,,,2,602
盘龙区龙泉街道办事处兴龙卫生室,102.75520999999999,25.128535,,,,,,,,,,,2,603
东航工程技术公司昆明维修基地,102.747846,24.999999,,,,,,,,,,,2,604
阿特拉斯・科普柯压缩机总代理,102.768463,24.994204999999997,,,,,,,,,,,2,605
云南农业大学游泳池,102.758376,25.137232,,,,,,,,,,,2,606
香港百世德咖啡,102.748227,25.003114,,,,,,,,,,,2,607
中国银行昆明市团源支行,102.670309,25.069444,,,,,,,,,,,2,608
西山高原明珠,102.621938,24.994407,,,,,,,,,,,2,609
茨坝印象,102.749397,25.164767,,,,,,,,,,,2,610
颐和会馆,102.66690799999999,24.979255,,,,,,,,,,,2,611
遵义游记鸡蛋糕,102.710998,25.026113,,,,,,,,,,,1,612
尊龙颐香园火锅,102.695151,25.030905999999998,,,,,,,,,,,1,613
尊龙新世纪广场酒店,102.723267,25.052869,,,,,,,,,,,1,614
醉云喃,102.72847,25.021718,,,,,,,,,,,1,615
醉云喃,102.716945,25.035539,,,,,,,,,,,1,616
醉云南,102.728612,25.044223000000002,,,,,,,,,,,1,617
醉茗轩,102.7269,25.031577,,,,,,,,,,,1,618
醉美云南滇菜生态主题餐厅,102.72599100000001,25.030227,,,,,,,,,,,1,619
醉陆翁,102.749363,25.04254,,,,,,,,,,,1,620
醉板桥饭庄,102.881953,25.050659,,,,,,,,,,,1,621
醉Love Bar,102.69417259999999,25.03856046,,,,,,,,,,,1,622
足球运动场,102.647482,25.059618,,,,,,,,,,,1,623
棕树营综合商场(云南民族印刷厂西北),102.690585,25.049192,,,,,,,,,,,1,624
棕树营小区,102.68599300000001,25.043769,,,,,,,,,,,1,625
棕树营派出所(昆明市塑料八厂南),102.69035600000001,25.048268,,,,,,,,,,,1,626
棕树营公交站,102.695815,25.048175,,,,,,,,,,,1,627
棕树营丹霞路文化街(白马小区东南),102.679816,25.03872,,,,,,,,,,,1,628
棕榈泉花园,102.66565,25.080980999999998,,,,,,,,,,,1,629
自由时空酒吧,102.738525,25.104613,,,,,,,,,,,1,630
自由港,102.726033,25.038545,,,,,,,,,,,1,631
自卫村公交站,102.65095699999999,25.103573,,,,,,,,,,,1,632
紫竹园餐饮娱乐中心,102.88097900000001,25.050464,,,,,,,,,,,1,633
紫云天旋转餐厅,102.722651,25.043813,,,,,,,,,,,1,634
紫悦美食广场,102.74805500000001,25.006686,,,,,,,,,,,1,635
紫园,102.63105999999999,24.989776,,,,,,,,,,,1,636
紫苹果装饰艺术大厦,102.678686,25.008126,,,,,,,,,,,1,637
紫晶园,102.722489,25.07859,,,,,,,,,,,1,638
子君村(彩云北路)公交站,102.775095,24.959594,,,,,,,,,,,1,639
准提寺,102.746848,25.044795,,,,,,,,,,,1,640
壮壮柯达富士专卖店,102.760918,25.076947,,,,,,,,,,,1,641
壮妹头疗养生馆(昆明直营店),102.764675,24.970388,,,,,,,,,,,1,642
庄跷故城杨林分店,103.029129,25.176678,,,,,,,,,,,1,643
篆新综合批发市场,102.699235,25.042021,,,,,,,,,,,1,644
篆塘社区,102.70115600000001,25.043511,,,,,,,,,,,1,645
专家楼宾馆,102.738881,25.0576,,,,,,,,,,,1,646
竹源春饭庄,102.865342,25.041326,,,,,,,,,,,1,647
竹里馆,102.7014613,25.04511744,,,,,,,,,,,1,648
猪儿酸汤猪蹄火锅,102.68139599999999,25.048416,,,,,,,,,,,1,649
猪儿酸汤猪脚火锅,102.68165400000001,25.053369,,,,,,,,,,,1,650
朱家小厨,102.668128,24.980906,,,,,,,,,,,1,651
朱家箐大桥,102.831001,25.100056,,,,,,,,,,,1,652
朱家花园小吃坊,102.715462,25.043679,,,,,,,,,,,1,653
朱德旧居,102.715288,25.054963,,,,,,,,,,,1,654
洲际酒店,102.661946,24.98475,,,,,,,,,,,1,655
周记小锅,102.736086,25.062451,,,,,,,,,,,1,656
州凯里辛继童子鸡,102.751271,25.014266,,,,,,,,,,,1,657
重庆小天鹅美人火锅,102.714709,25.049225,,,,,,,,,,,1,658
重庆小天鹅(兴苑路),102.670177,25.045473,,,,,,,,,,,1,659
重庆小天鹅(南亚风情店),102.692376,25.016160999999997,,,,,,,,,,,1,660
重庆小天鹅 王府井店,102.712839,25.041527,,,,,,,,,,,1,661
重庆小辣椒火锅,102.716227,25.050610999999996,,,,,,,,,,,1,662
重庆食府,102.680619,25.07965,,,,,,,,,,,1,663
重庆三块石火锅,102.661666,25.045858,,,,,,,,,,,1,664
重庆胖子火锅 祥云街店,102.719107,25.040529,,,,,,,,,,,1,665
重庆老灶火锅 西坝路店,102.701903,25.038141,,,,,,,,,,,1,666
重庆老火锅新迎店,102.742902,25.060105999999998,,,,,,,,,,,1,667
重庆老火锅(西坝路店),102.70588199999999,25.039403,,,,,,,,,,,1,668
重庆胡记干锅香辣虾,102.742964,25.153598000000002,,,,,,,,,,,1,669
重庆富侨足疗昆明分店,102.74323199999999,25.015959,,,,,,,,,,,1,670
重庆风光老灶火锅,102.728902,25.072498,,,,,,,,,,,1,671
重庆川菜食府,102.689137,25.045114,,,,,,,,,,,1,672
众越汇地铁站酒吧,102.710328,25.050229,,,,,,,,,,,1,673
众天工程机械配件专业市场,102.76773100000001,24.994685,,,,,,,,,,,1,674
钟英中学,102.77053000000001,24.961767000000002,,,,,,,,,,,1,675
钟惠培训学校,102.734276,25.031791,,,,,,,,,,,1,676
中央丽城二期御景,102.711813,25.034582999999998,,,,,,,,,,,1,677
中央丽城,102.7070827,25.02378327,,,,,,,,,,,1,678
中央金座,102.67845200000001,25.007101,,,,,,,,,,,1,679
中信银行昆明北京路支行,102.725566,25.051233,,,,,,,,,,,1,680
中铁英才幼儿园,102.792364,25.023126,,,,,,,,,,,1,681
中天融域,102.711272,24.986176,,,,,,,,,,,1,682
中晟溪城,102.654223,25.082223,,,,,,,,,,,1,683
中苜蓿村公交站,102.743011,24.995084,,,,,,,,,,,1,684
中明大厦,102.726951,25.030167000000002,,,,,,,,,,,1,685
中美合资昆明滇虹药业有限公司(云南烟草科学研究,102.67019499999999,25.061483,,,,,,,,,,,1,686
中林建材城,102.75915,24.994132999999998,,,,,,,,,,,1,687
中立快捷酒店(昆明北京路店),102.72643599999999,25.036036,,,,,,,,,,,1,688
中炬上海沙龙,102.7329,25.025251,,,,,,,,,,,1,689
中汇商业中心,102.746022,25.098363,,,,,,,,,,,1,690
中凰酒店中餐厅,102.765867,24.997425,,,,,,,,,,,1,691
中凰大酒店,102.78473000000001,25.005466,,,,,,,,,,,1,692
中环金界,102.686448,25.054389999999998,,,,,,,,,,,1,693
中和会饮酒肆,102.708945,25.051417,,,,,,,,,,,1,694
中豪・螺蛳湾国际商贸城,102.781339,24.942556,,,,,,,,,,,1,695
中航云玺大宅,102.721036,24.959483,,,,,,,,,,,1,696
中海学府路8号,102.714386,25.067555,,,,,,,,,,,1,697
中国中铁二院,102.72582320000001,25.01476538,,,,,,,,,,,1,698
中国云南电视台,102.657678,25.054979999999997,,,,,,,,,,,1,699
中国有色昆明勘察院宿舍(东门),102.729639,25.04616,,,,,,,,,,,1,700
中国邮政储蓄银行(王家桥支行),102.680777,25.089083,,,,,,,,,,,1,701
中国邮政(昆明市轧钢厂卫生所东),102.713373,25.079097,,,,,,,,,,,1,702
中国银行云南省分行宿舍,102.72244,25.066677,,,,,,,,,,,1,703
中国银行云南省分行,102.726347,25.049333999999998,,,,,,,,,,,1,704
中国银行昆明市胜利广场支行,102.712745,25.049198,,,,,,,,,,,1,705
中国银行昆明市马街支行ATM,102.655828,25.043466,,,,,,,,,,,1,706
中国银行昆明市高新支行,102.683578,25.051692,,,,,,,,,,,1,707
中国银行经济技术开发区支行,102.782993,24.993642,,,,,,,,,,,1,708
中国银行(云南映象支行),102.7531478,25.08021139,,,,,,,,,,,1,709
中国移动云南有限公司热线服务中心,102.75053100000001,25.04457,,,,,,,,,,,1,710
中国移动营业厅(日新社区苏凤村居民小组南),102.735672,25.003837,,,,,,,,,,,1,711
中国移动小西门南疆营业厅,102.704082,25.052315,,,,,,,,,,,1,712
中国移动通信昆明移动通信综合楼,102.714401,25.048895,,,,,,,,,,,1,713
中国移动通信集团云南有限公司昆明分公司,102.707022,25.049498,,,,,,,,,,,1,714
中国移动通信集团云南有限公司,102.700022,24.987025,,,,,,,,,,,1,715
中国移动通信集团云南有限公司,102.739372,25.036688,,,,,,,,,,,1,716
中国移动昆明东华服务厅,102.74051700000001,25.047104,,,,,,,,,,,1,717
中国移动广福指定专营店,102.701629,24.990906,,,,,,,,,,,1,718
中国移动关上营业厅,102.752434,25.016337,,,,,,,,,,,1,719
中国移动高新区营业厅,102.66914200000001,25.072162,,,,,,,,,,,1,720
中国移动东站营业厅,102.744376,25.03595,,,,,,,,,,,1,721
中国移动(雨龙路),102.760577,25.014418,,,,,,,,,,,1,722
中国医学科学院医学生物学研究所,102.67792299999999,25.055039999999998,,,,,,,,,,,1,723
中国烟草总公司云南省公司,102.72780300000001,25.039804,,,,,,,,,,,1,724
中国信合金刀营分社,102.735905,25.087791,,,,,,,,,,,1,725
中国水电顾问集团昆明勘测设计研究院卫生所,102.73172,25.048292,,,,,,,,,,,1,726
中国人民武装警察部队云南总队,102.70665,25.070946,,,,,,,,,,,1,727
中国人民解放军昆明陆军学院,102.792107,25.009295,,,,,,,,,,,1,728
中国人民财产保险股份有限公司云南省分公司,102.733441,25.025527999999998,,,,,,,,,,,1,729
中国农业银行云南省分行(人民东路),102.72501700000001,25.048693,,,,,,,,,,,1,730
中国农业银行昆明市小板桥支行ATM,102.778485,24.985553,,,,,,,,,,,1,731
中国农业银行昆明市滇池路支行,102.709988,25.02951,,,,,,,,,,,1,732
中国农业银行昆明海源北路支行,102.666926,25.076520000000002,,,,,,,,,,,1,733
中国农业银行(大板桥镇西南),102.884692,25.051357,,,,,,,,,,,1,734
中国南方电网云南电网昆明供电局,102.730464,25.039798,,,,,,,,,,,1,735
中国南方电网云南电网公司,102.732376,25.03979,,,,,,,,,,,1,736
中国民生银行昆明分行,102.72618,25.031057,,,,,,,,,,,1,737
中国联通(丽江路),102.717189,25.070498999999998,,,,,,,,,,,1,738
中国联通(官渡区六甲盘龙卫生所东,102.72138000000001,24.979629999999997,,,,,,,,,,,1,739
中国昆明斗南花卉市场,102.78925699999999,24.903205,,,,,,,,,,,1,740
中国科学院云南天文台,102.796613,25.027963,,,,,,,,,,,1,741
中国科学院西双版纳热带植物园昆明分部住宅区,102.711722,25.070328,,,,,,,,,,,1,742
中国科学院昆明植物研究所,102.751007,25.141139000000003,,,,,,,,,,,1,743
中国科学院昆明分院,102.72113399999999,25.041963,,,,,,,,,,,1,744
中国建筑陶瓷馆昆明分馆,102.717911,24.989782,,,,,,,,,,,1,745
中国建设银行云南省分行营业部,102.719677,25.040105999999998,,,,,,,,,,,1,746
中国建设银行昆明金碧路支行,102.70968,25.039604,,,,,,,,,,,1,747
中国建设银行昆明广福路支行,102.700801,24.989033,,,,,,,,,,,1,748
中国建设银行锦苑花园分理处,102.728161,25.008881,,,,,,,,,,,1,749
中国建设银行东聚分理处,102.76007299999999,24.995707999999997,,,,,,,,,,,1,750
中国建设银行滇池国家旅游度假区支行,102.668223,24.991028,,,,,,,,,,,1,751
中国建设银行(黄金海岸别墅西南),102.662122,24.975023,,,,,,,,,,,1,752
中国会名豪娱乐专属,102.703514,25.051847,,,,,,,,,,,1,753
中国哈哈汤包王,102.699543,25.069785999999997,,,,,,,,,,,1,754
中国光大银行西园路支行,102.69024399999999,25.036568,,,,,,,,,,,1,755
中国光大银行昆明红云支行,102.733638,25.108480999999998,,,,,,,,,,,1,756
中国光大银行昆明分行,102.720411,25.048919,,,,,,,,,,,1,757
中国光大银行城西支行,102.708279,25.047085,,,,,,,,,,,1,758
中国馆三号门,102.767485,25.080441,,,,,,,,,,,1,759
中国工商银行云南省分行,102.723282,25.042021,,,,,,,,,,,1,760
中国工商银行新闻路储蓄所,102.697601,25.041975,,,,,,,,,,,1,761
中国工商银行昆明新螺蛳湾第一支行,102.78404499999999,24.941,,,,,,,,,,,1,762
中国工商银行昆明火车站支行ATM,102.727915,25.027017,,,,,,,,,,,1,763
中国东方航空云南公司货运部,102.744034,24.995772,,,,,,,,,,,1,764
中国东方航空云南公司飞行部,102.746992,25.005371,,,,,,,,,,,1,765
中国电信中心营业厅(北京路),102.72637900000001,25.045184,,,,,,,,,,,1,766
中国电信天翼旗舰店,102.66735899999999,25.045208,,,,,,,,,,,1,767
中国电信经济开发区营业厅(昌宏路),102.785723,25.003016,,,,,,,,,,,1,768
中国电信工人新村营业厅,102.703684,25.034592,,,,,,,,,,,1,769
中国电信大板桥营业厅,102.8812,25.05013,,,,,,,,,,,1,770
中国船舶工业物资云贵有限公司船星,102.805489,24.989256,,,,,,,,,,,1,771
中国・云南电视台公共频道,102.697458,25.050570999999998,,,,,,,,,,,1,772
中国・昆明螺蛳湾国际商贸城,102.784565,24.939359,,,,,,,,,,,1,773
中共云南省委员会机关农场,102.666133,25.109924,,,,,,,,,,,1,774
中共云南省委党校云南省行政学院函授学院交通学区,102.734564,25.034558999999998,,,,,,,,,,,1,775
中共云南省委党校云南行政学院研究生部,102.62919000000001,24.989248999999997,,,,,,,,,,,1,776
中共云南省委党校云南行政学院,102.638421,24.980823,,,,,,,,,,,1,777
中共云南省委,102.719852,24.988470999999997,,,,,,,,,,,1,778
中共云南警官学院委员会,102.699602,25.080919,,,,,,,,,,,1,779
中共昆明中铁大型养路机械集团有限公司修理公司委员会,102.63769,25.020851999999998,,,,,,,,,,,1,780
中共昆明新嘉源茶文化城支部委员会,102.780479,24.988951999999998,,,,,,,,,,,1,781
中共昆明市五华区委党校,102.710203,25.023614000000002,,,,,,,,,,,1,782
中共昆明市委机关幼儿园,102.720638,25.037612,,,,,,,,,,,1,783
中共昆明市委党校教职工宿舍,102.750241,25.043464999999998,,,,,,,,,,,1,784
中产花香四季,102.68181899999999,25.067695,,,,,,,,,,,1,785
智源书店(人民中路),102.709923,25.049736,,,,,,,,,,,1,786
致尚楼,102.704923,25.031341,,,,,,,,,,,1,787
志远大厦,102.723261,25.042839999999998,,,,,,,,,,,1,788
志华商场(西山区杨家社区居民委员会东南),102.69360400000001,25.013106,,,,,,,,,,,1,789
志城家园,102.693523,25.060098,,,,,,,,,,,1,790
至舒茶楼,102.701748,24.991049999999998,,,,,,,,,,,1,791
织布营公交站,102.773201,24.980808,,,,,,,,,,,1,792
汁汁优味(北京路),102.722978,25.078331,,,,,,,,,,,1,793
之佳便利店(金广路),102.695161,25.008332,,,,,,,,,,,1,794
之佳便利店(红锦路),102.7267985,25.10284187,,,,,,,,,,,1,795
之佳便利店(白龙路),102.74991159999999,25.0634015,,,,,,,,,,,1,796
政通大厦,102.74136700000001,25.015681,,,,,,,,,,,1,797
郑家河村,102.67226600000001,25.010779,,,,,,,,,,,1,798
证券大厦,102.731539,25.035125,,,,,,,,,,,1,799
正宗台湾馄饨馆,102.700786,25.033757,,,,,,,,,,,1,800
正宗傣味勐海烧鸡,102.790891,25.093591,,,,,,,,,,,1,801
正宗川味饭店(049乡道),102.734916,24.946834,,,,,,,,,,,1,802
正宗安徽担担饺总店昆明白马总店,102.682372,25.041023,,,,,,,,,,,1,803
正中间,102.72536600000001,25.053597,,,,,,,,,,,1,804
正义路公交站,102.716247,25.049231,,,,,,,,,,,1,805
正义坊淘宝街,102.716367,25.048102,,,,,,,,,,,1,806
正义坊购物中心南馆,102.70362800000001,25.069699,,,,,,,,,,,1,807
正义坊购物中心,102.7102449,25.040316100000002,,,,,,,,,,,1,808
正义坊北馆三楼,102.712998,25.050214,,,,,,,,,,,1,809
正义坊,102.716211,25.043082000000002,,,,,,,,,,,1,810
正和小区和顺巷,102.686222,25.012155,,,,,,,,,,,1,811
振兴苑,102.711404,25.072644,,,,,,,,,,,1,812
珍诚小吃,102.642736,25.034,,,,,,,,,,,1,813
照相的影子,102.714137,25.029446,,,,,,,,,,,1,814
赵氏兄弟辣子鸡,102.646795,25.040649,,,,,,,,,,,1,815
赵家堆公交站,102.690813,25.050715,,,,,,,,,,,1,816
兆城大厦,102.74175600000001,25.095377,,,,,,,,,,,1,817
找茶(昆明走廊店),102.720872,25.050174,,,,,,,,,,,1,818
昭宗彝族村公交站,102.64843499999999,25.060896,,,,,,,,,,,1,819
昭宗大村公交站,102.642875,25.053784,,,,,,,,,,,1,820
昭通老五黄焖鸡,102.70525,25.079204999999998,,,,,,,,,,,1,821
招商银行昆明兴科路支行,102.71389,24.998907999999997,,,,,,,,,,,1,822
招商银行昆明西园路支行,102.686498,25.054531,,,,,,,,,,,1,823
招商银行昆明人民中路支行,102.719143,25.048351999999998,,,,,,,,,,,1,824
招商银行昆明霖雨路支行,102.735688,25.103366,,,,,,,,,,,1,825
招商银行昆明分行(东风东路),102.7294,25.044760999999998,,,,,,,,,,,1,826
招商银行昆明春城路支行,102.731729,25.035823999999998,,,,,,,,,,,1,827
招待所彩云南风景区,102.85554300000001,24.985774,,,,,,,,,,,1,828
长水机场,102.991344,25.210542999999998,,,,,,,,,,,1,829
长水机场,102.83550699999999,25.035560999999998,,,,,,,,,,,1,830
长水机场,102.730373,25.019913,,,,,,,,,,,1,831
长村邮政支局,102.740635,25.025967,,,,,,,,,,,1,832
长春苑小区,102.808882,25.000995999999997,,,,,,,,,,,1,833
长春花园,102.72112,25.049452,,,,,,,,,,,1,834
长城小区,102.70711,25.076280999999998,,,,,,,,,,,1,835
长城滇池花苑(东一门),102.69425799999999,24.991018,,,,,,,,,,,1,836
张家村公交站,102.661136,25.04545,,,,,,,,,,,1,837
张记论鱼轩火锅(雨龙路),102.76813,25.005209,,,,,,,,,,,1,838
站前商场,102.727485,25.026128,,,,,,,,,,,1,839
战友渔家乐,102.773489,25.134874,,,,,,,,,,,1,840
沾益全羊肉汤锅,102.727104,24.993933,,,,,,,,,,,1,841
沾益辣子鸡洋芋鸡,102.674184,25.043492,,,,,,,,,,,1,842
沾益辣子鸡,102.788781,25.006238,,,,,,,,,,,1,843
沾化酒店,102.75094200000001,25.045873999999998,,,,,,,,,,,1,844
枫阁,102.721744,25.04029,,,,,,,,,,,1,845
早晨・健康会所,102.72043000000001,25.049229,,,,,,,,,,,1,846
运动员公寓,102.681405,25.051396,,,,,,,,,,,1,847
运动员餐厅(前卫街道),102.683298,24.966023,,,,,,,,,,,1,848
云庄,102.749429,25.041947,,,,,,,,,,,1,849
云中乐园咖啡茶坊,102.708557,25.034761,,,,,,,,,,,1,850
云之舍连锁酒店(昆明穿金路店),102.72670500000001,25.056063,,,,,,,,,,,1,851
云之舍酒店连锁(昆明西昌路店),102.701952,25.045923000000002,,,,,,,,,,,1,852
云之行酒店(长水机场店),102.886495,25.049961,,,,,,,,,,,1,853
云映居酒楼,102.78277299999999,24.993933,,,,,,,,,,,1,854
云冶站,102.674826,25.107214000000003,,,,,,,,,,,1,855
云冶生活区公交站,102.681009,25.089937,,,,,,,,,,,1,856
云秀书院,102.75624300000001,24.959712,,,,,,,,,,,1,857
云鑫苑(南门),102.683226,25.004676,,,,,,,,,,,1,858
云武温泉酒店,102.760417,25.024848000000002,,,,,,,,,,,1,859
云铜时代年华小区公交站,102.706446,25.011577,,,,,,,,,,,1,860
云天足疗保健中心,102.730805,25.028029999999998,,,,,,,,,,,1,861
云天水香花园酒楼,102.73997,25.019696,,,,,,,,,,,1,862
云天化集团,102.674566,24.987132999999996,,,,,,,,,,,1,863
云天花苑酒店,102.676363,24.987745999999998,,,,,,,,,,,1,864
云泰大厦,102.71159300000001,25.041045999999998,,,,,,,,,,,1,865
云上四季连锁酒店(昆明海源中路店),102.66933399999999,25.063755999999998,,,,,,,,,,,1,866
云上四季昆明民航路店,102.744125,25.027185,,,,,,,,,,,1,867
云上四季快捷酒店昆明百大店,102.715592,25.042176,,,,,,,,,,,1,868
云上四季快捷酒店穿金路店,102.73702800000001,25.064017,,,,,,,,,,,1,869
云上四季快捷酒店(昆明云纺店),102.711893,25.029162,,,,,,,,,,,1,870
云上四季快捷酒店（昆明东风广场店）,102.7199927,25.03975913,,,,,,,,,,,1,871
云上四季酒店(昆明拓东店),102.729403,25.039810999999997,,,,,,,,,,,1,872
云平风味园,102.721914,25.041083999999998,,,,,,,,,,,1,873
云南众锐-上海大众,102.81326899999999,24.96901,,,,,,,,,,,1,874
云南中致远汽车销售有限公司,102.685439,25.003845000000002,,,,,,,,,,,1,875
云南中医学院,102.73073199999999,25.042967,,,,,,,,,,,1,876
云南中烟工业公司,102.76169300000001,25.078816,,,,,,,,,,,1,877
云南中西医结合医院(官南路),102.726515,25.016291,,,,,,,,,,,1,878
云南中航建设有限公司,102.76936500000001,25.001103,,,,,,,,,,,1,879
云南震庄迎宾馆,102.725729,25.045604,,,,,,,,,,,1,880
云南云铜锌业股份有限公司,102.683052,25.099613,,,,,,,,,,,1,881
云南远安昆星汽车维修有限公司,102.75345,25.077847,,,,,,,,,,,1,882
云南远安昆星奔驰,102.74770190000001,25.071639689999998,,,,,,,,,,,1,883
云南邮政运输局职工宿舍,102.741777,25.026814,,,,,,,,,,,1,884
云南邮电宾馆,102.741842,25.044789,,,,,,,,,,,1,885
云南映象(西南门),102.75071899999999,25.087252,,,,,,,,,,,1,886
云南英茂商务有限公司,102.670587,25.079057,,,,,,,,,,,1,887
云南印象城,102.7229123,25.0204219,,,,,,,,,,,1,888
云南音像出版社大楼,102.69518599999999,25.052414000000002,,,,,,,,,,,1,889
云南易门大酒店有限公司,102.681733,25.053160000000002,,,,,,,,,,,1,890
云南艺术学院云艺苑小区,102.677189,25.062188,,,,,,,,,,,1,891
云南艺术学院业余艺术学校(科业路),102.67959,25.063057,,,,,,,,,,,1,892
云南艺术学院文华学院(玉案公路),102.665814,25.094604,,,,,,,,,,,1,893
云南艺术学院(东门),102.685283,25.062485,,,,,,,,,,,1,894
云南艺术剧院,102.709775,25.046139,,,,,,,,,,,1,895
云南医学高等专科学校口腔门诊部,102.717923,25.056343,,,,,,,,,,,1,896
云南野生动物园,102.78036800000001,25.107445000000002,,,,,,,,,,,1,897
云南冶炼厂公交站,102.682547,25.092125,,,,,,,,,,,1,898
云南冶金集团总公司机关幼儿园,102.72769699999999,25.050023,,,,,,,,,,,1,899
云南冶金环境监测中心,102.71374300000001,25.063917999999997,,,,,,,,,,,1,900
云南药材有限公司,102.741435,25.028427999999998,,,,,,,,,,,1,901
云南羊甫钢材现货市场,102.785514,24.975244,,,,,,,,,,,1,902
云南盐化股份有限公司昆明分公司(双凤东路),102.738228,24.997145999999997,,,,,,,,,,,1,903
云南烟草学校(西北门),102.751739,25.018238,,,,,,,,,,,1,904
云南烟草兴云车城(二环西路),102.67356,25.07489,,,,,,,,,,,1,905
云南烟草科学研究院,102.672223,25.061041,,,,,,,,,,,1,906
云南烟草科技园,102.673602,25.061638,,,,,,,,,,,1,907
云南烟草教育培训中心,102.751739,25.018238,,,,,,,,,,,1,908
云南亚太培训,102.72927800000001,25.039983,,,,,,,,,,,1,909
云南雅都商务酒店,102.74215799999999,25.016832,,,,,,,,,,,1,910
云南兴星机电贸易有限公司,102.673262,25.076639,,,,,,,,,,,1,911
云南信息报,102.6968551,25.02033491,,,,,,,,,,,1,912
云南信威食品有限公司,102.923335,24.962961999999997,,,,,,,,,,,1,913
云南信托大厦,102.72098199999999,25.044662,,,,,,,,,,,1,914
云南新兴职业学院(西南门),102.861172,24.984875,,,,,,,,,,,1,915
云南新闻出版大楼,102.705792,25.029164,,,,,,,,,,,1,916
云南新华电脑学院,102.62347199999999,24.993108,,,,,,,,,,,1,917
云南新东方烹饪学校,102.66163900000001,25.070349,,,,,,,,,,,1,918
云南协和医院(环城南路),102.73089300000001,25.030749,,,,,,,,,,,1,919
云南祥鹏航空有限责任公司,102.74726,25.002556,,,,,,,,,,,1,920
云南鲜花市场,102.74861899999999,25.009504,,,,,,,,,,,1,921
云南文化艺术职业学院北校区,102.702511,25.080444,,,,,,,,,,,1,922
云南文化艺术职业学院,102.639432,24.977505999999998,,,,,,,,,,,1,923
云南铜业(集团)有限公司,102.730469,25.049076999999997,,,,,,,,,,,1,924
云南天怡建筑设计有限公司,102.666333,24.989457,,,,,,,,,,,1,925
云南体育运动职业技术学院,102.687151,24.971735999999996,,,,,,,,,,,1,926
云南司法警官职业学院,102.901686,25.074033999999997,,,,,,,,,,,1,927
云南师范大学五华区实验中学(学府,102.694981,25.069872,,,,,,,,,,,1,928
云南师范大学文理学院图书馆,103.00307600000001,25.250473,,,,,,,,,,,1,929
云南师范大学文理学院第一教学辅楼,103.001612,25.250985,,,,,,,,,,,1,930
云南师范大学文理学院(西北门),103.005548,25.254421999999998,,,,,,,,,,,1,931
云南师范大学商学院杨林校区,103.01438399999999,25.254997,,,,,,,,,,,1,932
云南师范大学商学院,102.657179,25.088489000000003,,,,,,,,,,,1,933
云南师范大学附属世纪金源学校,102.75474399999999,24.967519,,,,,,,,,,,1,934
云南师大教工宿舍(建设路),102.700386,25.062127999999998,,,,,,,,,,,1,935
云南师大附中高新一中,102.670746,25.065465,,,,,,,,,,,1,936
云南师大附中,102.674091,25.063301,,,,,,,,,,,1,937
云南省注册建造师管理办公室,102.679183,24.98088,,,,,,,,,,,1,938
云南省肿瘤医院昆明医学院第三附属医院,102.67349200000001,25.049978,,,,,,,,,,,1,939
云南省中医医院滇池度假区医院,102.669863,24.991270999999998,,,,,,,,,,,1,940
云南省中华会计函授学校昆明分校,102.71600000000001,25.032732,,,,,,,,,,,1,941
云南省政法干部学校职工宿舍,102.695687,25.068113,,,,,,,,,,,1,942
云南省政法干部司法学校,102.70209399999999,25.081998000000002,,,,,,,,,,,1,943
云南省杂技团,102.711388,25.061013,,,,,,,,,,,1,944
云南省园艺场学校,102.905493,25.065701,,,,,,,,,,,1,945
云南省有色地质局职工宿舍(西门),102.729298,25.04832,,,,,,,,,,,1,946
云南省邮政局,102.730097,25.03555,,,,,,,,,,,1,947
云南省邮电学校,102.790454,24.966628,,,,,,,,,,,1,948
云南省现代远程教育中心,102.711949,25.06771,,,,,,,,,,,1,949
云南省文化馆(春晖路),102.683229,25.052478,,,,,,,,,,,1,950
云南省王家营贮木场(南)货场,102.849377,24.93489,,,,,,,,,,,1,951
云南省拓东体育中心,102.735467,25.04447,,,,,,,,,,,1,952
云南省图书馆,102.70684200000001,25.051595,,,,,,,,,,,1,953
云南省梯古眼科医院,102.71277099999999,25.029211999999998,,,,,,,,,,,1,954
云南省水利水电学校,102.739944,25.134736999999998,,,,,,,,,,,1,955
云南省水利水电勘测设计研究院(穿金路),102.733811,25.060810999999998,,,,,,,,,,,1,956
云南省社会科学院,102.705481,25.031629,,,,,,,,,,,1,957
云南省设计院,102.7029,25.042958,,,,,,,,,,,1,958
云南省商业厅宿舍,102.72128199999999,25.032535999999997,,,,,,,,,,,1,959
云南省人民政府机关老干部活动中心,102.711129,25.05293,,,,,,,,,,,1,960
云南省人民政府,102.716228,25.05182,,,,,,,,,,,1,961
云南省轻工业学校,102.75995999999999,25.041020999999997,,,,,,,,,,,1,962
云南省轻工业科学研究所,102.709726,25.032556,,,,,,,,,,,1,963
云南省青少年科技科技园地,102.706908,24.987364,,,,,,,,,,,1,964
云南省气象局培训中心,102.71227900000001,25.032546,,,,,,,,,,,1,965
云南省农村信用社联合社,102.711019,25.058618,,,,,,,,,,,1,966
云南省煤矿安全技术培训中心,102.759612,25.115215,,,,,,,,,,,1,967
云南省旅游学校(昆明市五华区中元学校西南),102.717229,25.082102,,,,,,,,,,,1,968
云南省林业调查规划院生态分院,102.694389,25.055470999999997,,,,,,,,,,,1,969
云南省林业科学院,102.752493,25.147133999999998,,,,,,,,,,,1,970
云南省立人学校,102.65428399999999,25.089904999999998,,,,,,,,,,,1,971
云南省老年人体育活动中心,102.744969,25.05044,,,,,,,,,,,1,972
云南省老年病医院,102.730935,25.038777,,,,,,,,,,,1,973
云南省老干活动中心,102.705528,25.033549999999998,,,,,,,,,,,1,974
云南省昆明市正义路步行街,102.716091,25.04331,,,,,,,,,,,1,975
云南省昆明市未来时空主题时尚KTV,102.72399999999999,25.048595000000002,,,,,,,,,,,1,976
云南省昆明市泰龙休闲园,102.582293,24.962070999999998,,,,,,,,,,,1,977
云南省昆明市石林彝族自治州石林镇,102.771733,24.996505,,,,,,,,,,,1,978
云南省昆明市官渡区,102.759491,25.037459,,,,,,,,,,,1,979
云南省昆明市关上步行街,102.74874,25.016764000000002,,,,,,,,,,,1,980
云南省昆明市东寺塔步行街,102.715917,25.035639999999997,,,,,,,,,,,1,981
云南省昆明盲哑学校,102.693955,25.042756,,,,,,,,,,,1,982
云南省科学技术情报研究所,102.736086,25.050404999999998,,,,,,,,,,,1,983
云南省科协青少年科技中心,102.719371,25.061493,,,,,,,,,,,1,984
云南省科技企业孵化器协会,102.791688,24.984236,,,,,,,,,,,1,985
云南省科技大楼,102.725698,25.047424,,,,,,,,,,,1,986
云南省精神卫生中心门诊,102.728279,25.067813,,,,,,,,,,,1,987
云南省精神病医院,102.755943,25.081908,,,,,,,,,,,1,988
云南省教育厅宿舍,102.718113,25.052954999999997,,,,,,,,,,,1,989
云南省教育厅,102.703987,25.066277,,,,,,,,,,,1,990
云南省教育厅,102.715849,25.066457999999997,,,,,,,,,,,1,991
云南省交通中心医院,102.746534,25.034871,,,,,,,,,,,1,992
云南省建设工程招标投标行业协会,102.708865,25.035923999999998,,,,,,,,,,,1,993
云南省建工医院职工住宅小区,102.6893,25.063942,,,,,,,,,,,1,994
云南省急救中心(科光路),102.666696,25.059086999999998,,,,,,,,,,,1,995
云南省机电职业技术学院,102.74191400000001,25.150851,,,,,,,,,,,1,996
云南省火电公司基地,102.817064,25.007983,,,,,,,,,,,1,997
云南省环境科学研究院,102.70225699999999,25.029963,,,,,,,,,,,1,998
云南省化学工业建设公司,102.76515699999999,25.090447,,,,,,,,,,,1,999
云南省红十字会医院(西门),102.718981,25.05568,,,,,,,,,,,1,1000
云南省红十字会医院,102.720889,25.054441,,,,,,,,,,,1,1001
云南省红十字高新医院,102.66948199999999,25.072653,,,,,,,,,,,1,1002
云南省国土资源厅住宅院,102.72210799999999,25.061326,,,,,,,,,,,1,1003
云南省国家税务局,102.731688,25.054322,,,,,,,,,,,1,1004
云南省广播电视学校,102.734256,25.031601000000002,,,,,,,,,,,1,1005
云南省官渡工业园区,102.873958,25.037581,,,,,,,,,,,1,1006
云南省骨伤科中等专业学校,102.66037299999999,25.087288,,,,,,,,,,,1,1007
云南省公安厅交通警察总队高速公路交巡警支队昆曲大队,102.932615,25.195585,,,,,,,,,,,1,1008
云南省公安厅交通警察总队高速公路交巡警支队,102.67104599999999,25.046795999999997,,,,,,,,,,,1,1009
云南省公安厅交通警察总队(北京路),102.74414300000001,25.095087,,,,,,,,,,,1,1010
云南省公安厅,102.694437,24.992301,,,,,,,,,,,1,1011
云南省工商行政管理学校,102.741969,25.057087,,,,,,,,,,,1,1012
云南省工商行政管理局(日新路),102.7177,25.005451,,,,,,,,,,,1,1013
云南省工商行政管理干部培训中心(西坝路),102.690922,25.036489,,,,,,,,,,,1,1014
云南省工会共青团妇联干部学校,102.68035,25.067604999999997,,,,,,,,,,,1,1015
云南省歌舞剧院,102.711607,25.060325,,,,,,,,,,,1,1016
云南省高校教师住宅小区,102.72835,25.091358,,,,,,,,,,,1,1017
云南省高级人民法院,102.691786,25.004807999999997,,,,,,,,,,,1,1018
云南省高级人民法院,102.70019,25.009178,,,,,,,,,,,1,1019
云南省妇幼保健健院,102.736618,25.089616,,,,,,,,,,,1,1020
云南省法官进修学院,102.69014200000001,25.004333,,,,,,,,,,,1,1021
云南省电信有限公司昆明分公司,102.727439,25.044804,,,,,,,,,,,1,1022
云南省电信有限公司,102.749241,25.017656,,,,,,,,,,,1,1023
云南省电力学校,102.75145699999999,25.161037,,,,,,,,,,,1,1024
云南省第一人民医院青年医师公寓,102.70093100000001,25.037939,,,,,,,,,,,1,1025
云南省第一人民医院(昆华医院),102.71409799999999,25.038892999999998,,,,,,,,,,,1,1026
云南省第五建筑工程公司,102.654703,25.061564999999998,,,,,,,,,,,1,1027
云南省第四建筑工程公司,102.703989,25.039315,,,,,,,,,,,1,1028
云南省第三人民医院,102.726677,25.034466,,,,,,,,,,,1,1029
云南省第二安装工程公司,102.687147,25.06269,,,,,,,,,,,1,1030
云南省第93国家职业技能鉴定所,102.688451,25.075401,,,,,,,,,,,1,1031
云南省地震局形变测量中心,102.74153000000001,25.046592999999998,,,,,,,,,,,1,1032
云南省地震局驾驶员培训站(九站)(云南第三机床厂西北),102.759374,25.04625,,,,,,,,,,,1,1033
云南省地矿测绘院,102.819467,25.001342,,,,,,,,,,,1,1034
云南省地方税务局,102.71128900000001,25.050212,,,,,,,,,,,1,1035
云南省党政干部培训中心,102.706713,25.034685999999997,,,,,,,,,,,1,1036
云南省大学科技园,102.669269,25.067621,,,,,,,,,,,1,1037
云南省城乡规划设计研究院(滇池路),102.671581,25.002036999999998,,,,,,,,,,,1,1038
云南省呈贡县第三中学,102.837624,24.933172,,,,,,,,,,,1,1039
云南省茶业协会,102.728605,24.995141,,,,,,,,,,,1,1040
云南省残疾人康复中心,102.697538,25.034345000000002,,,,,,,,,,,1,1041
云南省博物馆,102.7046585,25.03668949,,,,,,,,,,,1,1042
云南省标准化研究院,102.66977299999999,24.998510999999997,,,,,,,,,,,1,1043
云南省北教场体育训练基地,102.703838,25.082435,,,,,,,,,,,1,1044
云南商业饭店,102.707222,25.047439999999998,,,,,,,,,,,1,1045
云南软件园・数码国际,102.676765,25.05272,,,,,,,,,,,1,1046
云南日报社公交站,102.70299,25.04337,,,,,,,,,,,1,1047
云南日报报业集团,102.699923,25.041622,,,,,,,,,,,1,1048
云南仁爱医院,102.715195,25.073363,,,,,,,,,,,1,1049
云南人家,102.742652,25.013946999999998,,,,,,,,,,,1,1050
云南人才市场服务大厅,102.710631,25.050244,,,,,,,,,,,1,1051
云南汽车修理一厂,102.63909699999999,25.01881,,,,,,,,,,,1,1052
云南农业职业技术学院茭菱校区,102.694528,25.056794,,,,,,,,,,,1,1053
云南农业大学综合楼,102.755788,25.135244,,,,,,,,,,,1,1054
云南农业大学职业技术学院,102.77474699999999,25.128153,,,,,,,,,,,1,1055
云南农业大学园林园艺学院,102.75474100000001,25.136526,,,,,,,,,,,1,1056
云南农业大学图书馆,102.753097,25.133819,,,,,,,,,,,1,1057
云南农业大学牧医楼,102.759302,25.134407999999997,,,,,,,,,,,1,1058
云南农业大学林业职业技术学院,102.779042,25.098828,,,,,,,,,,,1,1059
