1,37743
2,37744
3,37745
4,37746
5,37747
6,37748
7,37749
8,37750
9,37751
10,37752
11,37753
12,37754
13,37755
14,37756
15,37757
16,37758
17,37759
18,37760
19,37761
20,37762
21,37763
22,37764
23,37765
24,37766
25,37767
26,37768
27,37769
28,37770
29,37771
30,37772
31,37773
32,37774
33,37775
34,37776
35,37777
36,37778
37,37779
38,37780
39,37781
40,37782
41,37783
42,37784
43,37785
44,37786
45,37787
46,37788
47,37789
48,37790
49,37791
50,37792
51,37793
52,37794
53,37795
54,37796
55,37797
56,37798
57,37799
58,37800
59,37801
60,37802
61,37803
62,37804
63,37805
64,37806
65,37807
66,37808
67,37809
68,37810
69,37811
70,37812
71,37813
72,37814
73,37815
74,37816
75,37817
76,37818
77,37819
78,37820
79,37821
80,37822
81,37823
82,37824
83,37825
84,37826
85,37827
86,37828
87,37829
88,37830
89,37831
90,37832
91,37833
92,37834
93,37835
94,37836
95,37837
96,37838
97,37839
98,37840
99,37841
100,37842
101,37843
102,37844
103,37845
104,37846
105,37847
106,37848
107,37849
108,37850
109,37851
110,37852
111,37853
112,37854
113,37855
114,37856
115,37857
116,37858
117,37859
118,37860
119,37861
120,37862
121,37863
122,37864
123,37865
124,37866
125,37867
126,37868
127,37869
128,37870
129,37871
130,37872
131,37873
132,37874
133,37875
134,37876
135,37877
136,37878
137,37879
138,37880
139,37881
140,37882
141,37883
142,37884
143,37885
144,37886
145,37887
146,37888
147,37889
148,37890
149,37891
150,37892
151,37893
152,37894
153,37895
154,37896
155,37897
156,37898
157,37899
158,37900
159,37901
160,37902
161,37903
162,37904
163,37905
164,37906
165,37907
166,37908
167,37909
168,37910
169,37911
170,37912
171,37913
172,37914
173,37915
174,37916
175,37917
176,37918
177,37919
178,37920
179,37921
180,37922
181,37923
182,37924
183,37925
184,37926
185,37927
186,37928
187,37929
188,37930
189,37931
190,37932
191,37933
192,37934
193,37935
194,37936
195,37937
196,37938
197,37939
198,37940
199,37941
200,37942
201,37943
202,37944
203,37945
204,37946
205,37947
206,37948
207,37949
208,37950
209,37951
210,37952
211,37953
212,37954
213,37955
214,37956
215,37957
216,37958
217,37959
218,37960
219,37961
220,37962
221,37963
222,37964
223,37965
224,37966
225,37967
226,37968
227,37969
228,37970
229,37971
230,37972
231,37973
232,37974
233,37975
234,37976
235,37977
236,37978
237,37979
238,37980
239,37981
240,37982
241,37983
242,37984
243,37985
244,37986
245,37987
246,37988
247,37989
248,37990
249,37991
250,37992
251,37993
252,37994
253,37995
254,37996
255,37997
256,37998
257,37999
258,38000
259,38001
260,38002
261,38003
262,38004
263,38005
264,38006
265,38007
266,38008
267,38009
268,38010
269,38011
270,38012
271,38013
272,38014
273,38015
274,38016
275,38017
276,38018
277,38019
278,38020
279,38021
280,38022
281,38023
282,38024
283,38025
284,38026
285,38027
286,38028
287,38029
288,38030
289,38031
290,38032
291,38033
292,38034
293,38035
294,38036
295,38037
296,38038
297,38039
298,38040
299,38041
300,38042
301,38043
302,38044
303,38045
304,38046
305,38047
306,38048
307,38049
308,38050
309,38051
310,38052
311,38053
312,38054
313,38055
314,38056
315,38057
316,38058
317,38059
318,38060
319,38061
320,38062
321,38063
322,38064
323,38065
324,38066
325,38067
326,38068
327,38069
328,38070
329,38071
330,38072
331,38073
332,38074
333,38075
334,38076
335,38077
336,38078
337,38079
338,38080
339,38081
340,38082
341,38083
342,38084
343,38085
344,38086
345,38087
346,38088
347,38089
348,38090
349,38091
350,38092
351,38093
352,38094
353,38095
354,38096
355,38097
356,38098
357,38099
358,38100
359,38101
360,38102
361,38103
362,38104
363,38105
364,38106
365,38107
366,38108
367,38109
368,38110
369,38111
370,38112
371,38113
372,38114
373,38115
374,38116
375,38117
376,38118
377,38119
378,38120
379,38121
380,38122
381,38123
382,38124
383,38125
384,38126
385,38127
386,38128
387,38129
388,38130
389,38131
390,38132
391,38133
392,38134
393,38135
394,38136
395,38137
396,38138
397,38139
398,38140
399,38141
400,38142
401,38143
402,38144
403,38145
404,38146
405,38147
406,38148
407,38149
408,38150
409,38151
410,38152
411,38153
412,38154
413,38155
414,38156
415,38157
416,38158
417,38159
418,38160
419,38161
420,38162
421,38163
422,38164
423,38165
424,38166
425,38167
426,38168
427,38169
428,38170
429,38171
430,38172
431,38173
432,38174
433,38175
434,38176
435,38177
436,38178
437,38179
438,38180
439,38181
440,38182
441,38183
442,38184
443,38185
444,38186
445,38187
446,38188
447,38189
448,38190
449,38191
450,38192
451,38193
452,38194
453,38195
454,38196
455,38197
456,38198
457,38199
458,38200
459,38201
460,38202
461,38203
462,38204
463,38205
464,38206
465,38207
466,38208
467,38209
468,38210
469,38211
470,38212
471,38213
472,38214
473,38215
474,38216
475,38217
476,38218
477,38219
478,38220
479,38221
480,38222
481,38223
482,38224
483,38225
484,38226
485,38227
486,38228
487,38229
488,38230
489,38231
490,38232
491,38233
492,38234
493,38235
494,38236
495,38237
496,38238
497,38239
498,38240
499,38241
500,38242
501,38243
502,38244
503,38245
504,38246
505,38247
506,38248
507,38249
508,38250
509,38251
510,38252
511,38253
512,38254
513,38255
514,38256
515,38257
516,38258
4644,7954
4645,7955
4646,7956
4647,7957
4648,7958
4649,7959
4650,7960
4651,7961
4652,7962
4653,7963
4654,7964
4655,7965
4656,7966
4657,7967
4658,7968
4659,7969
4660,7970
4661,7971
4662,7972
4663,7973
4664,7974
4665,7975
4666,7976
4667,7977
4668,7978
4669,7979
4670,7980
4671,7981
4672,7982
4673,7983
4674,7984
4675,7985
4676,7986
4677,7987
4678,7988
4679,7989
4680,7990
4681,7991
4682,7992
4683,7993
4684,7994
4685,7995
4686,7996
4687,7997
4688,7998
4689,7999
4690,8000
4691,8001
4692,8002
4693,8003
4694,8004
4695,8005
4696,8006
4697,8007
4698,8008
4699,8009
4700,8010
4701,8011
4702,8012
4703,8013
4704,8014
4705,8015
4706,8016
4707,8017
4708,8018
4709,8019
4710,8020
4711,8021
4712,8022
4713,8023
4714,8024
4715,8025
4716,8026
4717,8027
4718,8028
4719,8029
4720,8030
4721,8031
4722,8032
4723,8033
4724,8034
4725,8035
4726,8036
4727,8037
4728,8038
4729,8039
4730,8040
4731,8041
4732,8042
4733,8043
4734,8044
4735,8045
4736,8046
4737,8047
4738,8048
4739,8049
4740,8050
4741,8051
4742,8052
4743,8053
4744,8054
4745,8055
4746,8056
4747,8057
4748,8058
4749,8059
4750,8060
4751,8061
4752,8062
4753,8063
4754,8064
4755,8065
4756,8066
4757,8067
4758,8068
4759,8069
4760,8070
4761,8071
4762,8072
4763,8073
4764,8074
4765,8075
4766,8076
4767,8077
4768,8078
4769,8079
4770,8080
4771,8081
4772,8082
4773,8083
4774,8084
4775,8085
4776,8086
4777,8087
4778,8088
4779,8089
4780,8090
4781,8091
4782,8092
4783,8093
4784,8094
4785,8095
4786,8096
4787,8097
4788,8098
4789,8099
4790,8100
4791,8101
4792,8102
4793,8103
4794,8104
4795,8105
4796,8106
4797,8107
4798,8108
4799,8109
4800,8110
4801,8111
4802,8112
4803,8113
4804,8114
4805,8115
4806,8116
4807,8117
4808,8118
4809,8119
4810,8120
4811,8121
4812,8122
4813,8123
4814,8124
4815,8125
4816,8126
4817,8127
4818,8128
4819,8129
4820,8130
4821,8131
4822,8132
4823,8133
4824,8134
4825,8135
4826,8136
4827,8137
4828,8138
4829,8139
4830,8140
4831,8141
4832,8142
4833,8143
4834,8144
4835,8145
4836,8146
4837,8147
4838,8148
4839,8149
4840,8150
4841,8151
4842,8152
4843,8153
4844,8154
4845,8155
4846,8156
4847,8157
4848,8158
4849,8159
4850,8160
4851,8161
4852,8162
4853,8163
4854,8164
4855,8165
4856,8166
4857,8167
4858,8168
4859,8169
4860,8170
4861,8171
4862,8172
4863,8173
4864,8174
4865,8175
4866,8176
4867,8177
4868,8178
4869,8179
4870,8180
4871,8181
4872,8182
4873,8183
4874,8184
4875,8185
4876,8186
4877,8187
4878,8188
4879,8189
4880,8190
4881,8191
4882,8192
4883,8193
4884,8194
4885,8195
4886,8196
4887,8197
4888,8198
4889,8199
4890,8200
4891,8201
4892,8202
4893,8203
4894,8204
4895,8205
4896,8206
4897,8207
4898,8208
4899,8209
4900,8210
4901,8211
4902,8212
4903,8213
4904,8214
4905,8215
4906,8216
4907,8217
4908,8218
4909,8219
4910,8220
4911,8221
4912,8222
4913,8223
4914,8224
4915,8225
4916,8226
4917,8227
4918,8228
4919,8229
4920,8230
4921,8231
4922,8232
4923,8233
4924,8234
4925,8235
4926,8236
4927,8237
4928,8238
4929,8239
4930,8240
4931,8241
4932,8242
4933,8243
4934,8244
4935,8245
4936,8246
4937,8247
4938,8248
4939,8249
4940,8250
4941,8251
4942,8252
4943,8253
4944,8254
4945,8255
4946,8256
4947,8257
4948,8258
4949,8259
4950,8260
4951,8261
4952,8262
4953,8263
4954,8264
4955,8265
4956,8266
4957,8267
4958,8268
4959,8269
4960,8270
4961,8271
4962,8272
4963,8273
4964,8274
4965,8275
4966,8276
4967,8277
4968,8278
4969,8279
4970,8280
4971,8281
4972,8282
4973,8283
4974,8284
4975,8285
4976,8286
4977,8287
4978,8288
4979,8289
4980,8290
4981,8291
4982,8292
4983,8293
4984,8294
4985,8295
4986,8296
4987,8297
4988,8298
4989,8299
4990,8300
4991,8301
4992,8302
4993,8303
4994,8304
4995,8305
4996,8306
4997,8307
4998,8308
4999,8309
5000,8310
5001,8311
5002,8312
5003,8313
5004,8314
5005,8315
5006,8316
5007,8317
5008,8318
5009,8319
5010,8320
5011,8321
5012,8322
5013,8323
5014,8324
5015,8325
5016,8326
5017,8327
5018,8328
5019,8329
5020,8330
5021,8331
5022,8332
5023,8333
5024,8334
5025,8335
5026,8336
5027,8337
5028,8338
5029,8339
5030,8340
5031,8341
5032,8342
5033,8343
5034,8344
5035,8345
5036,8346
5037,8347
5038,8348
5039,8349
5040,8350
5041,8351
5042,8352
5043,8353
5044,8354
5045,8355
5046,8356
5047,8357
5048,8358
5049,8359
5050,8360
5051,8361
5052,8362
5053,8363
5054,8364
5055,8365
5056,8366
5057,8367
5058,8368
5059,8369
5060,8370
5061,8371
5062,8372
5063,8373
5064,8374
5065,8375
5066,8376
5067,8377
5068,8378
5069,8379
5070,8380
5071,8381
5072,8382
5073,8383
5074,8384
5075,8385
5076,8386
5077,8387
5078,8388
5079,8389
5080,8390
5081,8391
5082,8392
5083,8393
5084,8394
5085,8395
5086,8396
5087,8397
5088,8398
5089,8399
5090,8400
5091,8401
5092,8402
5093,8403
5094,8404
5095,8405
5096,8406
5097,8407
5098,8408
5099,8409
5100,8410
5101,8411
5102,8412
5103,8413
5104,8414
5105,8415
5106,8416
5107,8417
5108,8418
5109,8419
5110,8420
5111,8421
5112,8422
5113,8423
5114,8424
5115,8425
5116,8426
5117,8427
5118,8428
5119,8429
5120,8430
5121,8431
5122,8432
5123,8433
5124,8434
5125,8435
5126,8436
5127,8437
5128,8438
5129,8439
5130,8440
5131,8441
5132,8442
5133,8443
5134,8444
5135,8445
5136,8446
5137,8447
5138,8448
5139,8449
5140,8450
5141,8451
5142,8452
5143,8453
5144,8454
5145,8455
5146,8456
5147,8457
5148,8458
5149,8459
5150,8460
5151,8461
5152,8462
5153,8463
5154,8464
5155,8465
5156,8466
5157,8467
5158,8468
5159,8469
5160,8470
5161,8471
5162,8472
5163,8473
5164,8474
5165,8475
5166,8476
5167,8477
5168,8478
5169,8479
5170,8480
5171,8481
5172,8482
5173,8483
5174,8484
5175,8485
5176,8486
5177,8487
5178,8488
5179,8489
5180,8490
5181,8491
5182,8492
5183,8493
5184,8494
5185,8495
5186,8496
5187,8497
5188,8498
5189,8499
5190,8500
5191,8501
5192,8502
5193,8503
5194,8504
5195,8505
5196,8506
5197,8507
5198,8508
5199,8509
5200,8510
5201,8511
5202,8512
5203,8513
5204,8514
5205,8515
5206,8516
5207,8517
5208,8518
5209,8519
5210,8520
5211,8521
5212,8522
5213,8523
5214,8524
5215,8525
5216,8526
5217,8527
5218,8528
5219,8529
5220,8530
5221,8531
5222,8532
5223,8533
5224,8534
5225,8535
5226,8536
5227,8537
5228,8538
5229,8539
5230,8540
5231,8541
5232,8542
5233,8543
5234,8544
5235,8545
5236,8546
5237,8547
5238,8548
5239,8549
5240,8550
5241,8551
5242,8552
5243,8553
5244,8554
5245,8555
5246,8556
5247,8557
5248,8558
5249,8559
5250,8560
5251,8561
5252,8562
5253,8563
5254,8564
5255,8565
5256,8566
5257,8567
5258,8568
5259,8569
5260,8570
5261,8571
5262,8572
5263,8573
5264,8574
5265,8575
5266,8576
5267,8577
5268,8578
5269,8579
5270,8580
5271,8581
5272,8582
5273,8583
5274,8584
5275,8585
5276,8586
5277,8587
5278,8588
5279,8589
5280,8590
5281,8591
5282,8592
5283,8593
5284,8594
5285,8595
5286,8596
5287,8597
5288,8598
5289,8599
5290,8600
5291,8601
5292,8602
5293,8603
5294,8604
5295,8605
5296,8606
5297,8607
5298,8608
5299,8609
5300,8610
5301,8611
5302,8612
5303,8613
5304,8614
5305,8615
5306,8616
5307,8617
5308,8618
5309,8619
5310,8620
5311,8621
5312,8622
5313,8623
5314,8624
5315,8625
5316,8626
5317,8627
5318,8628
5319,8629
5320,8630
5321,8631
5322,8632
5323,8633
5324,8634
5325,8635
5326,8636
5327,8637
5328,8638
5329,8639
5330,8640
5331,8641
5332,8642
5333,8643
5334,8644
5335,8645
5336,8646
5337,8647
5338,8648
5339,8649
5340,8650
5341,8651
5342,8652
5343,8653
5344,8654
5345,8655
5346,8656
5347,8657
5348,8658
5349,8659
5350,8660
5351,8661
5352,8662
5353,8663
5354,8664
5355,8665
5356,8666
5357,8667
5358,8668
5359,8669
5360,8670
5361,8671
5362,8672
5363,8673
5364,8674
5365,8675
5366,8676
5367,8677
5368,8678
5369,8679
5370,8680
5371,8681
5372,8682
5373,8683
5374,8684
5375,8685
5376,8686
5377,8687
5378,8688
5379,8689
5380,8690
5381,8691
5382,8692
5383,8693
5384,8694
5385,8695
5386,8696
5387,8697
5388,8698
5389,8699
5390,8700
5391,8701
5392,8702
5393,8703
5394,8704
5395,8705
5396,8706
5397,8707
5398,8708
5399,8709
5400,8710
5401,8711
5402,8712
5403,8713
5404,8714
5405,8715
5406,8716
5407,8717
5408,8718
5409,8719
5410,8720
5411,8721
5412,8722
5413,8723
5414,8724
5415,8725
5416,8726
5417,8727
5418,8728
5419,8729
5420,8730
5421,8731
5422,8732
5423,8733
5424,8734
5425,8735
5426,8736
5427,8737
5428,8738
5429,8739
5430,8740
5431,8741
5432,8742
5433,8743
5434,8744
5435,8745
5436,8746
5437,8747
5438,8748
5439,8749
5440,8750
5441,8751
5442,8752
5443,8753
5444,8754
5445,8755
5446,8756
5447,8757
5448,8758
5449,8759
5450,8760
5451,8761
5452,8762
5453,8763
5454,8764
5455,8765
5456,8766
5457,8767
5458,8768
5459,8769
5460,8770
5461,8771
5462,8772
5463,8773
5464,8774
5465,8775
5466,8776
5467,8777
5468,8778
5469,8779
5470,8780
5471,8781
5472,8782
5473,8783
5474,8784
5475,8785
5476,8786
5477,8787
5478,8788
5479,8789
5480,8790
5481,8791
5482,8792
5483,8793
5484,8794
5485,8795
5486,8796
5487,8797
5488,8798
5489,8799
5490,8800
5491,8801
5492,8802
5493,8803
5494,8804
5495,8805
5496,8806
5497,8807
5498,8808
5499,8809
5500,8810
5501,8811
5502,8812
5503,8813
5504,8814
5505,8815
5506,8816
5507,8817
5508,8818
5509,8819
5510,8820
5511,8821
5512,8822
5513,8823
5514,8824
5515,8825
5516,8826
5517,8827
5518,8828
5519,8829
5520,8830
5521,8831
5522,8832
5523,8833
5524,8834
5525,8835
5526,8836
5527,8837
5528,8838
5529,8839
5530,8840
5531,8841
5532,8842
5533,8843
5534,8844
5535,8845
5536,8846
5537,8847
5538,8848
5539,8849
5540,8850
5541,8851
5542,8852
5543,8853
5544,8854
5545,8855
5546,8856
5547,8857
5548,8858
5549,8859
5550,8860
5551,8861
5552,8862
5553,8863
5554,8864
5555,8865
5556,8866
5557,8867
5558,8868
5559,8869
5560,8870
5561,8871
5562,8872
5563,8873
5564,8874
5565,8875
5566,8876
5567,8877
5568,8878
5569,8879
5570,8880
5571,8881
5572,8882
5573,8883
5574,8884
5575,8885
5576,8886
5577,8887
5578,8888
5579,8889
5580,8890
5581,8891
5582,8892
5583,8893
5584,8894
5585,8895
5586,8896
5587,8897
5588,8898
5589,8899
5590,8900
5591,8901
5592,8902
5593,8903
5594,8904
5595,8905
5596,8906
5597,8907
5598,8908
5599,8909
5600,8910
5601,8911
5602,8912
5603,8913
5604,8914
5605,8915
5606,8916
5607,8917
5608,8918
5609,8919
5610,8920
5611,8921
5612,8922
5613,8923
5614,8924
5615,8925
5616,8926
5617,8927
5618,8928
5619,8929
5620,8930
5621,8931
5622,8932
5623,8933
5624,8934
5625,8935
5626,8936
5627,8937
5628,8938
5629,8939
5630,8940
5631,8941
5632,8942
5633,8943
5634,8944
5635,8945
5636,8946
5637,8947
5638,8948
5639,8949
5640,8950
5641,8951
5642,8952
5643,8953
5644,8954
5645,8955
5646,8956
5647,8957
5648,8958
5649,8959
5650,8960
5651,8961
5652,8962
5653,8963
5654,8964
5655,8965
5656,8966
5657,8967
5658,8968
5659,8969
5660,8970
5661,8971
5662,8972
5663,8973
5664,8974
5665,8975
5666,8976
5667,8977
5668,8978
5669,8979
5670,8980
5671,8981
5672,8982
5673,8983
5674,8984
5675,8985
5676,8986
5677,8987
5678,8988
5679,8989
5680,8990
5681,8991
5682,8992
5683,8993
5684,8994
5685,8995
5686,8996
5687,8997
5688,8998
5689,8999
5690,9000
5691,9001
5692,9002
5693,9003
5694,9004
5695,9005
5696,9006
5697,9007
5698,9008
5699,9009
5700,9010
5701,9011
5702,9012
5703,9013
5704,9014
5705,9015
5706,9016
5707,9017
5708,9018
5709,9019
5710,9020
5711,9021
5712,9022
5713,9023
5714,9024
5715,9025
5716,9026
5717,9027
5718,9028
5719,9029
5720,9030
5721,9031
5722,9032
5723,9033
5724,9034
5725,9035
5726,9036
5727,9037
5728,9038
5729,9039
5730,9040
5731,9041
5732,9042
5733,9043
5734,9044
5735,9045
5736,9046
5737,9047
5738,9048
5739,9049
5740,9050
5741,9051
5742,9052
5743,9053
5744,9054
5745,9055
5746,9056
5747,9057
5748,9058
5749,9059
5750,9060
5751,9061
5752,9062
5753,9063
5754,9064
5755,9065
5756,9066
5757,9067
5758,9068
5759,9069
5760,9070
5761,9071
5762,9072
5763,9073
5764,9074
5765,9075
5766,9076
5767,9077
5768,9078
5769,9079
5770,9080
5771,9081
5772,9082
5773,9083
5774,9084
5775,9085
5776,9086
5777,9087
5778,9088
5779,9089
5780,9090
5781,9091
5782,9092
5783,9093
5784,9094
5785,9095
5786,9096
5787,9097
5788,9098
5789,9099
5790,9100
5791,9101
5792,9102
5793,9103
5794,9104
5795,9105
5796,9106
5797,9107
5798,9108
5799,9109
5800,9110
5801,9111
5802,9112
5803,9113
5804,9114
5805,9115
5806,9116
5807,9117
5808,9118
5809,9119
5810,9120
5811,9121
5812,9122
5813,9123
5814,9124
5815,9125
5816,9126
5817,9127
5818,9128
5819,9129
5820,9130
5821,9131
5822,9132
5823,9133
5824,9134
5825,9135
5826,9136
5827,9137
5828,9138
5829,9139
5830,9140
5831,9141
5832,9142
5833,9143
5834,9144
5835,9145
5836,9146
5837,9147
5838,9148
5839,9149
5840,9150
5841,9151
5842,9152
5843,9153
5844,9154
5845,9155
5846,9156
5847,9157
5848,9158
5849,9159
5850,9160
5851,9161
5852,9162
5853,9163
5854,9164
5855,9165
5856,9166
5857,9167
5858,9168
5859,9169
5860,9170
5861,9171
5862,9172
5863,9173
5864,9174
5865,9175
5866,9176
5867,9177
5868,9178
5869,9179
5870,9180
5871,9181
5872,9182
5873,9183
5874,9184
5875,9185
5876,9186
5877,9187
5878,9188
5879,9189
5880,9190
5881,9191
5882,9192
5883,9193
5884,9194
5885,9195
5886,9196
5887,9197
5888,9198
5889,9199
5890,9200
5891,9201
5892,9202
5893,9203
5894,9204
5895,9205
5896,9206
5897,9207
5898,9208
5899,9209
5900,9210
5901,9211
5902,9212
5903,9213
5904,9214
5905,9215
5906,9216
5907,9217
5908,9218
5909,9219
5910,9220
5911,9221
5912,9222
5913,9223
5914,9224
5915,9225
5916,9226
5917,9227
5918,9228
5919,9229
5920,9230
5921,9231
5922,9232
5923,9233
5924,9234
5925,9235
5926,9236
5927,9237
5928,9238
5929,9239
5930,9240
5931,9241
5932,9242
5933,9243
5934,9244
5935,9245
5936,9246
5937,9247
5938,9248
5939,9249
5940,9250
5941,9251
5942,9252
5943,9253
5944,9254
5945,9255
5946,9256
5947,9257
5948,9258
5949,9259
5950,9260
5951,9261
5952,9262
5953,9263
5954,9264
5955,9265
5956,9266
5957,9267
5958,9268
5959,9269
5960,9270
5961,9271
5962,9272
5963,9273
5964,9274
5965,9275
5966,9276
5967,9277
5968,9278
5969,9279
5970,9280
5971,9281
5972,9282
5973,9283
5974,9284
5975,9285
5976,9286
5977,9287
5978,9288
5979,9289
5980,9290
5981,9291
5982,9292
5983,9293
5984,9294
5985,9295
5986,9296
5987,9297
5988,9298
5989,9299
5990,9300
5991,9301
5992,9302
5993,9303
5994,9304
5995,9305
5996,9306
5997,9307
5998,9308
5999,9309
6000,9310
6001,9311
6002,9312
6003,9313
6004,9314
6005,9315
6006,9316
6007,9317
6008,9318
6009,9319
6010,9320
6011,9321
6012,9322
6013,9323
6014,9324
6015,9325
6016,9326
6017,9327
6018,9328
6019,9329
6020,9330
6021,9331
6022,9332
6023,9333
6024,9334
6025,9335
6026,9336
6027,9337
6028,9338
6029,9339
6030,9340
6031,9341
6032,9342
6033,9343
6034,9344
6035,9345
6036,9346
6037,9347
6038,9348
6039,9349
6040,9350
6041,9351
6042,9352
6043,9353
6044,9354
6045,9355
6046,9356
6047,9357
6048,9358
6049,9359
6050,9360
6051,9361
6052,9362
6053,9363
6054,9364
6055,9365
6056,9366
6057,9367
6058,9368
6059,9369
6060,9370
6061,9371
6062,9372
6063,9373
6064,9374
6065,9375
6066,9376
6067,9377
6068,9378
6069,9379
6070,9380
6071,9381
6072,9382
6073,9383
6074,9384
6075,9385
6076,9386
6077,9387
6078,9388
6079,9389
6080,9390
6081,9391
6082,9392
6083,9393
6084,9394
6085,9395
6086,9396
6087,9397
6088,9398
6089,9399
6090,9400
6091,9401
6092,9402
6093,9403
6094,9404
6095,9405
6096,9406
6097,9407
6098,9408
6099,9409
6100,9410
6101,9411
6102,9412
6103,9413
6104,9414
6105,9415
6106,9416
6107,9417
6108,9418
6109,9419
6110,9420
6111,9421
6112,9422
6113,9423
6114,9424
6115,9425
6116,9426
6117,9427
6118,9428
6119,9429
6120,9430
6121,9431
6122,9432
6123,9433
6124,9434
6125,9435
6126,9436
6127,9437
6128,9438
6129,9439
6130,9440
6131,9441
6132,9442
6133,9443
6134,9444
6135,9445
6136,9446
6137,9447
6138,9448
6139,9449
6140,9450
6141,9451
6142,9452
6143,9453
6144,9454
6145,9455
6146,9456
6147,9457
6148,9458
6149,9459
6150,9460
6151,9461
6152,9462
6153,9463
6154,9464
6155,9465
6156,9466
6157,9467
6158,9468
6159,9469
6160,9470
6161,9471
6162,9472
6163,9473
6164,9474
6165,9475
6166,9476
6167,9477
6168,9478
6169,9479
6170,9480
6171,9481
6172,9482
6173,9483
6174,9484
6175,9485
6176,9486
6177,9487
6178,9488
6179,9489
6180,9490
6181,9491
6182,9492
6183,9493
6184,9494
6185,9495
6186,9496
6187,9497
6188,9498
6189,9499
6190,9500
6191,9501
6192,9502
6193,9503
6194,9504
6195,9505
6196,9506
6197,9507
6198,9508
6199,9509
6200,9510
6201,9511
6202,9512
6203,9513
6204,9514
6205,9515
6206,9516
6207,9517
6208,9518
6209,9519
6210,9520
6211,9521
6212,9522
6213,9523
6214,9524
6215,9525
6216,9526
6217,9527
6218,9528
6219,9529
6220,9530
6221,9531
6222,9532
6223,9533
6224,9534
6225,9535
6226,9536
6227,9537
6228,9538
6229,9539
6230,9540
6231,9541
6232,9542
6233,9543
6234,9544
6235,9545
6236,9546
6237,9547
6238,9548
6239,9549
6240,9550
6241,9551
6242,9552
6243,9553
6244,9554
6245,9555
6246,9556
6247,9557
6248,9558
6249,9559
6250,9560
6251,9561
6252,9562
6253,9563
6254,9564
6255,9565
6256,9566
6257,9567
6258,9568
6259,9569
6260,9570
6261,9571
6262,9572
6263,9573
6264,9574
6265,9575
6266,9576
6267,9577
6268,9578
6269,9579
6270,9580
6271,9581
6272,9582
6273,9583
6274,9584
6275,9585
6276,9586
6277,9587
6278,9588
6279,9589
6280,9590
6281,9591
6282,9592
6283,9593
6284,9594
6285,9595
6286,9596
6287,9597
6288,9598
6289,9599
6290,9600
6291,9601
6292,9602
6293,9603
6294,9604
6295,9605
6296,9606
6297,9607
6298,9608
6299,9609
6300,9610
6301,9611
6302,9612
6303,9613
6304,9614
6305,9615
6306,9616
6307,9617
6308,9618
6309,9619
6310,9620
6311,9621
6312,9622
6313,9623
6314,9624
6315,9625
6316,9626
6317,9627
6318,9628
6319,9629
6320,9630
6321,9631
6322,9632
6323,9633
6324,9634
6325,9635
6326,9636
6327,9637
6328,9638
6329,9639
6330,9640
6331,9641
6332,9642
6333,9643
6334,9644
6335,9645
6336,9646
6337,9647
6338,9648
6339,9649
6340,9650
6341,9651
6342,9652
6343,9653
6344,9654
6345,9655
6346,9656
6347,9657
6348,9658
6349,9659
6350,9660
6351,9661
6352,9662
6353,9663
6354,9664
6355,9665
6356,9666
6357,9667
6358,9668
6359,9669
6360,9670
6361,9671
6362,9672
6363,9673
6364,9674
6365,9675
6366,9676
6367,9677
6368,9678
6369,9679
6370,9680
6371,9681
6372,9682
6373,9683
6374,9684
6375,9685
6376,9686
6377,9687
6378,9688
6379,9689
6380,9690
6381,9691
6382,9692
6383,9693
6384,9694
6385,9695
6386,9696
6387,9697
6388,9698
6389,9699
6390,9700
6391,9701
6392,9702
6393,9703
6394,9704
6395,9705
6396,9706
6397,9707
6398,9708
6399,9709
6400,9710
6401,9711
6402,9712
6403,9713
6404,9714
6405,9715
6406,9716
6407,9717
6408,9718
6409,9719
6410,9720
6411,9721
6412,9722
6413,9723
6414,9724
6415,9725
6416,9726
6417,9727
6418,9728
6419,9729
6420,9730
6421,9731
6422,9732
6423,9733
6424,9734
6425,9735
6426,9736
6427,9737
6428,9738
6429,9739
6430,9740
6431,9741
6432,9742
6433,9743
6434,9744
6435,9745
6436,9746
6437,9747
6438,9748
6439,9749
6440,9750
6441,9751
6442,9752
6443,9753
6444,9754
6445,9755
6446,9756
6447,9757
6448,9758
6449,9759
6450,9760
6451,9761
6452,9762
6453,9763
6454,9764
6455,9765
6456,9766
6457,9767
6458,9768
6459,9769
6460,9770
6461,9771
6462,9772
6463,9773
6464,9774
6465,9775
6466,9776
6467,9777
6468,9778
6469,9779
6470,9780
6471,9781
6472,9782
6473,9783
6474,9784
6475,9785
6476,9786
6477,9787
6478,9788
6479,9789
6480,9790
6481,9791
6482,9792
6483,9793
6484,9794
6485,9795
6486,9796
6487,9797
6488,9798
6489,9799
6490,9800
6491,9801
6492,9802
6493,9803
6494,9804
6495,9805
6496,9806
6497,9807
6498,9808
6499,9809
6500,9810
6501,9811
6502,9812
6503,9813
6504,9814
6505,9815
6506,9816
6507,9817
6508,9818
6509,9819
6510,9820
6511,9821
6512,9822
6513,9823
6514,9824
6515,9825
6516,9826
6517,9827
6518,9828
6519,9829
6520,9830
6521,9831
6522,9832
6523,9833
6524,9834
6525,9835
6526,9836
6527,9837
6528,9838
6529,9839
6530,9840
6531,9841
6532,9842
6533,9843
6534,9844
6535,9845
6536,9846
6537,9847
6538,9848
6539,9849
6540,9850
6541,9851
6542,9852
6543,9853
6544,9854
6545,9855
6546,9856
6547,9857
6548,9858
6549,9859
6550,9860
6551,9861
6552,9862
6553,9863
6554,9864
6555,9865
6556,9866
6557,9867
6558,9868
6559,9869
6560,9870
6561,9871
6562,9872
6563,9873
6564,9874
6565,9875
6566,9876
6567,9877
6568,9878
6569,9879
6570,9880
6571,9881
6572,9882
6573,9883
6574,9884
6575,9885
6576,9886
6577,9887
6578,9888
6579,9889
6580,9890
6581,9891
6582,9892
6583,9893
6584,9894
6585,9895
6586,9896
6587,9897
6588,9898
6589,9899
6590,9900
6591,9901
6592,9902
6593,9903
6594,9904
6595,9905
6596,9906
6597,9907
6598,9908
6599,9909
6600,9910
6601,9911
6602,9912
6603,9913
6604,9914
6605,9915
6606,9916
6607,9917
6608,9918
6609,9919
6610,9920
6611,9921
6612,9922
6613,9923
6614,9924
6615,9925
6616,9926
6617,9927
6618,9928
6619,9929
6620,9930
6621,9931
6622,9932
6623,9933
6624,9934
6625,9935
6626,9936
6627,9937
6628,9938
6629,9939
6630,9940
6631,9941
6632,9942
6633,9943
6634,9944
6635,9945
6636,9946
6637,9947
6638,9948
6639,9949
6640,9950
6641,9951
6642,9952
6643,9953
6644,9954
6645,9955
6646,9956
6647,9957
6648,9958
6649,9959
6650,9960
6651,9961
6652,9962
6653,9963
6654,9964
6655,9965
6656,9966
6657,9967
6658,9968
6659,9969
6660,9970
6661,9971
6662,9972
6663,9973
6664,9974
6665,9975
6666,9976
6667,9977
6668,9978
6669,9979
6670,9980
6671,9981
6672,9982
6673,9983
6674,9984
6675,9985
6676,9986
6677,9987
6678,9988
6679,9989
6680,9990
6681,9991
6682,9992
6683,9993
6684,9994
6685,9995
6686,9996
6687,9997
6688,9998
6689,9999
6690,10000
6691,10001
6692,10002
6693,10003
6694,10004
6695,10005
6696,10006
6697,10007
6698,10008
6699,10009
6700,10010
6701,10011
6702,10012
6703,10013
6704,10014
6705,10015
6706,10016
6707,10017
6708,10018
6709,10019
6710,10020
6711,10021
6712,10022
6713,10023
6714,10024
6715,10025
6716,10026
6717,10027
6718,10028
6719,10029
6720,10030
6721,10031
6722,10032
6723,10033
6724,10034
6725,10035
6726,10036
6727,10037
6728,10038
6729,10039
6730,10040
6731,10041
6732,10042
6733,10043
6734,10044
6735,10045
6736,10046
6737,10047
6738,10048
6739,10049
6740,10050
6741,10051
6742,10052
6743,10053
6744,10054
6745,10055
6746,10056
6747,10057
6748,10058
6749,10059
6750,10060
6751,10061
6752,10062
6753,10063
6754,10064
6755,10065
6756,10066
6757,10067
6758,10068
6759,10069
6760,10070
6761,10071
6762,10072
6763,10073
6764,10074
6765,10075
6766,10076
6767,10077
6768,10078
6769,10079
6770,10080
6771,10081
6772,10082
6773,10083
6774,10084
6775,10085
6776,10086
6777,10087
6778,10088
6779,10089
6780,10090
6781,10091
6782,10092
6783,10093
6784,10094
6785,10095
6786,10096
6787,10097
6788,10098
6789,10099
6790,10100
6791,10101
6792,10102
6793,10103
6794,10104
6795,10105
6796,10106
6797,10107
6798,10108
6799,10109
6800,10110
6801,10111
6802,10112
6803,10113
6804,10114
6805,10115
6806,10116
6807,10117
6808,10118
6809,10119
6810,10120
6811,10121
6812,10122
6813,10123
6814,10124
6815,10125
6816,10126
6817,10127
6818,10128
6819,10129
6820,10130
6821,10131
6822,10132
6823,10133
6824,10134
6825,10135
6826,10136
6827,10137
6828,10138
6829,10139
6830,10140
6831,10141
6832,10142
6833,10143
6834,10144
6835,10145
6836,10146
6837,10147
6838,10148
6839,10149
6840,10150
6841,10151
6842,10152
6843,10153
6844,10154
6845,10155
6846,10156
6847,10157
6848,10158
6849,10159
6850,10160
6851,10161
6852,10162
6853,10163
6854,10164
6855,10165
6856,10166
6857,10167
6858,10168
6859,10169
6860,10170
6861,10171
6862,10172
6863,10173
6864,10174
6865,10175
6866,10176
6867,10177
6868,10178
6869,10179
6870,10180
6871,10181
6872,10182
6873,10183
6874,10184
6875,10185
6876,10186
6877,10187
6878,10188
6879,10189
6880,10190
6881,10191
6882,10192
6883,10193
6884,10194
6885,10195
6886,10196
6887,10197
6888,10198
6889,10199
6890,10200
6891,10201
6892,10202
6893,10203
6894,10204
6895,10205
6896,10206
6897,10207
6898,10208
6899,10209
6900,10210
6901,10211
6902,10212
6903,10213
6904,10214
6905,10215
6906,10216
6907,10217
6908,10218
6909,10219
6910,10220
6911,10221
6912,10222
6913,10223
6914,10224
6915,10225
6916,10226
6917,10227
6918,10228
6919,10229
6920,10230
6921,10231
6922,10232
6923,10233
6924,10234
6925,10235
6926,10236
6927,10237
6928,10238
6929,10239
6930,10240
6931,10241
6932,10242
6933,10243
6934,10244
6935,10245
6936,10246
6937,10247
6938,10248
6939,10249
6940,10250
6941,10251
6942,10252
6943,10253
6944,10254
6945,10255
6946,10256
6947,10257
6948,10258
6949,10259
6950,10260
6951,10261
6952,10262
6953,10263
6954,10264
6955,10265
6956,10266
6957,10267
6958,10268
6959,10269
6960,10270
6961,10271
6962,10272
6963,10273
6964,10274
6965,10275
6966,10276
6967,10277
6968,10278
6969,10279
6970,10280
6971,10281
6972,10282
6973,10283
6974,10284
6975,10285
6976,10286
6977,10287
6978,10288
6979,10289
6980,10290
6981,10291
6982,10292
6983,10293
6984,10294
6985,10295
6986,10296
6987,10297
6988,10298
6989,10299
6990,10300
6991,10301
6992,10302
6993,10303
6994,10304
6995,10305
6996,10306
6997,10307
6998,10308
6999,10309
7000,10310
7001,10311
7002,10312
7003,10313
7004,10314
7005,10315
7006,10316
7007,10317
7008,10318
7009,10319
7010,10320
7011,10321
7012,10322
7013,10323
7014,10324
7015,10325
7016,10326
7017,10327
7018,10328
7019,10329
7020,10330
7021,10331
7022,10332
7023,10333
7024,10334
7025,10335
7026,10336
7027,10337
7028,10338
7029,10339
7030,10340
7031,10341
7032,10342
7033,10343
7034,10344
7035,10345
7036,10346
7037,10347
7038,10348
7039,10349
7040,10350
7041,10351
7042,10352
7043,10353
7044,10354
7045,10355
7046,10356
7047,10357
7048,10358
7049,10359
7050,10360
7051,10361
7052,10362
7053,10363
7054,10364
7055,10365
7056,10366
7057,10367
7058,10368
7059,10369
7060,10370
7061,10371
7062,10372
7063,10373
7064,10374
7065,10375
7066,10376
7067,10377
7068,10378
7069,10379
7070,10380
7071,10381
7072,10382
7073,10383
7074,10384
7075,10385
7076,10386
7077,10387
7078,10388
7079,10389
7080,10390
7081,10391
7082,10392
7083,10393
7084,10394
7085,10395
7086,10396
7087,10397
7088,10398
7089,10399
7090,10400
7091,10401
7092,10402
7093,10403
7094,10404
7095,10405
7096,10406
7097,10407
7098,10408
7099,10409
7100,10410
7101,10411
7102,10412
7103,10413
7104,10414
7105,10415
7106,10416
7107,10417
7108,10418
7109,10419
7110,10420
7111,10421
7112,10422
7113,10423
7114,10424
7115,10425
7116,10426
7117,10427
7118,10428
7119,10429
7120,10430
7121,10431
7122,10432
7123,10433
7124,10434
7125,10435
7126,10436
7127,10437
7128,10438
7129,10439
7130,10440
7131,10441
7132,10442
7133,10443
7134,10444
7135,10445
7136,10446
7137,10447
7138,10448
7139,10449
7140,10450
7141,10451
7142,10452
7143,10453
7144,10454
7145,10455
7146,10456
7147,10457
7148,10458
7149,10459
7150,10460
7151,10461
7152,10462
7153,10463
7154,10464
7155,10465
7156,10466
7157,10467
7158,10468
7159,10469
7160,10470
7161,10471
7162,10472
7163,10473
7164,10474
7165,10475
7166,10476
7167,10477
7168,10478
7169,10479
7170,10480
7171,10481
7172,10482
7173,10483
7174,10484
7175,10485
7176,10486
7177,10487
7178,10488
7179,10489
7180,10490
7181,10491
7182,10492
7183,10493
7184,10494
7185,10495
7186,10496
7187,10497
7188,10498
7189,10499
7190,10500
7191,10501
7192,10502
7193,10503
7194,10504
7195,10505
7196,10506
7197,10507
7198,10508
7199,10509
7200,10510
7201,10511
7202,10512
7203,10513
7204,10514
7205,10515
7206,10516
7207,10517
7208,10518
7209,10519
7210,10520
7211,10521
7212,10522
7213,10523
7214,10524
7215,10525
7216,10526
7217,10527
7218,10528
7219,10529
7220,10530
7221,10531
7222,10532
7223,10533
7224,10534
7225,10535
7226,10536
7227,10537
7228,10538
7229,10539
7230,10540
7231,10541
7232,10542
7233,10543
7234,10544
7235,10545
7236,10546
7237,10547
7238,10548
7239,10549
7240,10550
7241,10551
7242,10552
7243,10553
7244,10554
7245,10555
7246,10556
7247,10557
7248,10558
7249,10559
7250,10560
7251,10561
7252,10562
7253,10563
7254,10564
7255,10565
7256,10566
7257,10567
7258,10568
7259,10569
7260,10570
7261,10571
7262,10572
7263,10573
7264,10574
7265,10575
7266,10576
7267,10577
7268,10578
7269,10579
7270,10580
7271,10581
7272,10582
7273,10583
7274,10584
7275,10585
7276,10586
7277,10587
7278,10588
7279,10589
7280,10590
7281,10591
7282,10592
7283,10593
7284,10594
7285,10595
7286,10596
7287,10597
7288,10598
7289,10599
7290,10600
7291,10601
7292,10602
7293,10603
7294,10604
7295,10605
7296,10606
7297,10607
7298,10608
7299,10609
7300,10610
7301,10611
7302,10612
7303,10613
7304,10614
7305,10615
7306,10616
7307,10617
7308,10618
7309,10619
7310,10620
7311,10621
7312,10622
7313,10623
7314,10624
7315,10625
7316,10626
7317,10627
7318,10628
7319,10629
7320,10630
7321,10631
7322,10632
7323,10633
7324,10634
7325,10635
7326,10636
7327,10637
7328,10638
7329,10639
7330,10640
7331,10641
7332,10642
7333,10643
7334,10644
7335,10645
7336,10646
7337,10647
7338,10648
7339,10649
7340,10650
7341,10651
7342,10652
7343,10653
7344,10654
7345,10655
7346,10656
7347,10657
7348,10658
7349,10659
7350,10660
7351,10661
7352,10662
7353,10663
7354,10664
7355,10665
7356,10666
7357,10667
7358,10668
7359,10669
7360,10670
7361,10671
7362,10672
7363,10673
7364,10674
7365,10675
7366,10676
7367,10677
7368,10678
7369,10679
7370,10680
7371,10681
7372,10682
7373,10683
7374,10684
7375,10685
7376,10686
7377,10687
7378,10688
7379,10689
7380,10690
7381,10691
7382,10692
7383,10693
7384,10694
7385,10695
7386,10696
7387,10697
7388,10698
7389,10699
7390,10700
7391,10701
7392,10702
7393,10703
7394,10704
7395,10705
7396,10706
7397,10707
7398,10708
7399,10709
7400,10710
7401,10711
7402,10712
7403,10713
7404,10714
7405,10715
7406,10716
7407,10717
7408,10718
7409,10719
7410,10720
7411,10721
7412,10722
7413,10723
7414,10724
7415,10725
7416,10726
7417,10727
7418,10728
7419,10729
7420,10730
7421,10731
7422,10732
7423,10733
7424,10734
7425,10735
7426,10736
7427,10737
7428,10738
7429,10739
7430,10740
7431,10741
7432,10742
7433,10743
7434,10744
7435,10745
7436,10746
7437,10747
7438,10748
7439,10749
7440,10750
7441,10751
7442,10752
7443,10753
7444,10754
7445,10755
7446,10756
7447,10757
7448,10758
7449,10759
7450,10760
7451,10761
7452,10762
7453,10763
7454,10764
7455,10765
7456,10766
7457,10767
7458,10768
7459,10769
7460,10770
7461,10771
7462,10772
7463,10773
7464,10774
7465,10775
7466,10776
7467,10777
7468,10778
7469,10779
7470,10780
7471,10781
7472,10782
7473,10783
7474,10784
7475,10785
7476,10786
7477,10787
7478,10788
7479,10789
7480,10790
7481,10791
7482,10792
7483,10793
7484,10794
7485,10795
7486,10796
7487,10797
7488,10798
7489,10799
7490,10800
7491,10801
7492,10802
7493,10803
7494,10804
7495,10805
7496,10806
7497,10807
7498,10808
7499,10809
7500,10810
7501,10811
7502,10812
7503,10813
7504,10814
7505,10815
7506,10816
7507,10817
7508,10818
7509,10819
7510,10820
7511,10821
7512,10822
7513,10823
7514,10824
7515,10825
7516,10826
7517,10827
7518,10828
7519,10829
7520,10830
7521,10831
7522,10832
7523,10833
7524,10834
7525,10835
7526,10836
7527,10837
7528,10838
7529,10839
7530,10840
7531,10841
7532,10842
7533,10843
7534,10844
7535,10845
7536,10846
7537,10847
7538,10848
7539,10849
7540,10850
7541,10851
7542,10852
7543,10853
7544,10854
7545,10855
7546,10856
7547,10857
7548,10858
7549,10859
7550,10860
7551,10861
7552,10862
7553,10863
7554,10864
7555,10865
7556,10866
7557,10867
7558,10868
7559,10869
7560,10870
7561,10871
7562,10872
7563,10873
7564,10874
7565,10875
7566,10876
7567,10877
7568,10878
7569,10879
7570,10880
7571,10881
7572,10882
7573,10883
7574,10884
7575,10885
7576,10886
7577,10887
7578,10888
7579,10889
7580,10890
7581,10891
7582,10892
7583,10893
7584,10894
7585,10895
7586,10896
7587,10897
7588,10898
7589,10899
7590,10900
7591,10901
7592,10902
7593,10903
7594,10904
7595,10905
7596,10906
7597,10907
7598,10908
7599,10909
7600,10910
7601,10911
7602,10912
7603,10913
7604,10914
7605,10915
7606,10916
7607,10917
7608,10918
7609,10919
7610,10920
7611,10921
7612,10922
7613,10923
7614,10924
7615,10925
7616,10926
7617,10927
7618,10928
7619,10929
7620,10930
7621,10931
7622,10932
7623,10933
7624,10934
7625,10935
7626,10936
7627,10937
7628,10938
7629,10939
7630,10940
7631,10941
7632,10942
7633,10943
7634,10944
7635,10945
7636,10946
7637,10947
7638,10948
7639,10949
7640,10950
7641,10951
7642,10952
7643,10953
7644,10954
7645,10955
7646,10956
7647,10957
7648,10958
7649,10959
7650,10960
7651,10961
7652,10962
7653,10963
7654,10964
7655,10965
7656,10966
7657,10967
7658,10968
7659,10969
7660,10970
7661,10971
7662,10972
7663,10973
7664,10974
7665,10975
7666,10976
7667,10977
7668,10978
7669,10979
7670,10980
7671,10981
7672,10982
7673,10983
7674,10984
7675,10985
7676,10986
7677,10987
7678,10988
7679,10989
7680,10990
7681,10991
7682,10992
7683,10993
7684,10994
7685,10995
7686,10996
7687,10997
7688,10998
7689,10999
7690,11000
7691,11001
7692,11002
7693,11003
7694,11004
7695,11005
7696,11006
7697,11007
7698,11008
7699,11009
7700,11010
7701,11011
7702,11012
7703,11013
7704,11014
7705,11015
7706,11016
7707,11017
7708,11018
7709,11019
7710,11020
7711,11021
7712,11022
7713,11023
7714,11024
7715,11025
7716,11026
7717,11027
7718,11028
7719,11029
7720,11030
7721,11031
7722,11032
7723,11033
7724,11034
7725,11035
7726,11036
7727,11037
7728,11038
7729,11039
7730,11040
7731,11041
7732,11042
7733,11043
7734,11044
7735,11045
7736,11046
7737,11047
7738,11048
7739,11049
7740,11050
7741,11051
7742,11052
7743,11053
7744,11054
7745,11055
7746,11056
7747,11057
7748,11058
7749,11059
7750,11060
7751,11061
7752,11062
7753,11063
7754,11064
7755,11065
7756,11066
7757,11067
7758,11068
7759,11069
7760,11070
7761,11071
7762,11072
7763,11073
7764,11074
7765,11075
7766,11076
7767,11077
7768,11078
7769,11079
7770,11080
7771,11081
7772,11082
7773,11083
7774,11084
7775,11085
7776,11086
7777,11087
7778,11088
7779,11089
7780,11090
7781,11091
7782,11092
7783,11093
7784,11094
7785,11095
7786,11096
7787,11097
7788,11098
7789,11099
7790,11100
7791,11101
7792,11102
7793,11103
7794,11104
7795,11105
7796,11106
7797,11107
7798,11108
7799,11109
7800,11110
7801,11111
7802,11112
7803,11113
7804,11114
7805,11115
7806,11116
7807,11117
7808,11118
7809,11119
7810,11120
7811,11121
7812,11122
7813,11123
7814,11124
7815,11125
7816,11126
7817,11127
7818,11128
7819,11129
7820,11130
7821,11131
7822,11132
7823,11133
7824,11134
7825,11135
7826,11136
7827,11137
7828,11138
7829,11139
7830,11140
7831,11141
7832,11142
7833,11143
7834,11144
7835,11145
7836,11146
7837,11147
7838,11148
7839,11149
7840,11150
7841,11151
7842,11152
7843,11153
7844,11154
7845,11155
7846,11156
7847,11157
7848,11158
7849,11159
7850,11160
7851,11161
7852,11162
7853,11163
7854,11164
7855,11165
7856,11166
7857,11167
7858,11168
7859,11169
7860,11170
7861,11171
7862,11172
7863,11173
7864,11174
7865,11175
7866,11176
7867,11177
7868,11178
7869,11179
7870,11180
7871,11181
7872,11182
7873,11183
7874,11184
7875,11185
7876,11186
7877,11187
7878,11188
7879,11189
7880,11190
7881,11191
7882,11192
7883,11193
7884,11194
7885,11195
7886,11196
7887,11197
7888,11198
7889,11199
7890,11200
7891,11201
7892,11202
7893,11203
7894,11204
7895,11205
7896,11206
7897,11207
7898,11208
7899,11209
7900,11210
7901,11211
7902,11212
7903,11213
7904,11214
7905,11215
7906,11216
7907,11217
7908,11218
7909,11219
7910,11220
7911,11221
7912,11222
7913,11223
7914,11224
7915,11225
7916,11226
7917,11227
7918,11228
7919,11229
7920,11230
7921,11231
7922,11232
7923,11233
7924,11234
7925,11235
7926,11236
7927,11237
7928,11238
7929,11239
7930,11240
7931,11241
7932,11242
7933,11243
7934,11244
7935,11245
7936,11246
7937,11247
7938,11248
7939,11249
7940,11250
7941,11251
7942,11252
7943,11253
7944,11254
7945,11255
7946,11256
7947,11257
7948,11258
7949,11259
7950,11260
7951,11261
7952,11262
7953,11263
