name,longitude,latitude,phone,address,district,city,area,zipcodetype,datatype,date,creator,source,index
艺传社艺术教育中心,102.736632,25.08326,,,,,,,,,,,3,36034
辰美造型,102.73714,25.08211,,,,,,,,,,,3,19349
米恩香韩国紫菜包饭全国连锁NO．00004,102.73825,25.081889999999998,,,,,,,,,,,3,15149
木易百年自然养生馆北辰店,102.73799,25.08212,,,,,,,,,,,3,19353
瘦儿美,102.73824,25.081870000000002,,,,,,,,,,,3,20971
诗美诗格6＋1化妆品美容馆,102.73814,25.08171,,,,,,,,,,,3,22711
夏时根专业修脚坊全国NO．182,102.7385,25.08229,,,,,,,,,,,3,23794
维纳斯减肥中心,102.7382,25.081789999999998,,,,,,,,,,,3,25500
华泰保险专属代理,102.73828,25.08193,,,,,,,,,,,3,37379
北辰小区游泳池,102.73698,25.0823,,,,,,,,,,,3,19681
北辰小区网球场,102.73716,25.08255,,,,,,,,,,,3,23334
边食典个旧团山王氏小黄牛米线,102.73598,25.081989999999998,,,,,,,,,,,3,6803
赖客西餐·咖啡,102.73461,25.08231,,,,,,,,,,,3,5344
财富酒楼,102.73548000000001,25.082539999999998,,,,,,,,,,,3,6495
赖客西餐·咖啡,102.73461,25.08211,,,,,,,,,,,3,8654
财富酒楼,102.73548000000001,25.08234,,,,,,,,,,,3,9805
顶牛面馆,102.73528,25.08215,,,,,,,,,,,3,11490
墨西哥餐厅,102.73501,25.081879999999998,,,,,,,,,,,3,13814
翡翠鸟餐馆,102.7351,25.08199,,,,,,,,,,,3,15427
同顺源,102.73536999999999,25.0822,,,,,,,,,,,3,18583
暧味餐厅,102.73493,25.08245,,,,,,,,,,,3,18929
金实小区求实园,102.7336552,25.08136516,,,,,,,,,,,2,206
新华图书城北辰名品店,102.73317359999999,25.08110921,,,,,,,,,,,1,1579
肯德基北辰餐厅,102.73359,25.08084,,,,,,,,,,,3,6882
肯德基北辰餐厅,102.73359,25.08064,,,,,,,,,,,3,10192
诺美荟财富店,102.73404000000001,25.081889999999998,,,,,,,,,,,3,19218
HOT动漫城,102.73335,25.08085,,,,,,,,,,,3,20567
鑫科电玩城,102.73388,25.081670000000003,,,,,,,,,,,3,21222
DDCOCO酒吧,102.73364000000001,25.08125,,,,,,,,,,,3,22325
东方公主KTV量贩,102.73388,25.081670000000003,,,,,,,,,,,3,22769
尤物传奇,102.73388,25.081670000000003,,,,,,,,,,,3,23321
动力火车,102.73361,25.08117,,,,,,,,,,,3,23527
盛最娱乐汇,102.73364000000001,25.08125,,,,,,,,,,,3,25468
中国建设银行ATM,102.73406999999999,25.08145,,,,,,,,,,,3,36400
交通银行北辰支行,102.73393,25.08193,,,,,,,,,,,3,37575
金实小区求实园,102.7336552,25.08156516,,,,,,,,,,,2,37948
名之成美发,102.73461,25.08178,,,,,,,,,,,3,19965
源玲美疗北辰财富中心店,102.73486,25.08165,,,,,,,,,,,3,20795
五通经络,102.73503000000001,25.08185,,,,,,,,,,,3,22033
熙·美容SPA会所,102.73461,25.08178,,,,,,,,,,,3,22557
海客足道（足疗馆）,102.73486,25.08165,,,,,,,,,,,3,23782
仟朵ｓｐａ,102.7348,25.082629999999998,,,,,,,,,,,3,23799
孕雅专业产后恢复会所,102.73454,25.08239,,,,,,,,,,,3,25666
长岛酒店北辰店,102.73527,25.08279,,,,,,,,,,,3,29524
雅舍尙品公寓,102.73442,25.08224,,,,,,,,,,,3,30790
北辰财富中心D1幢B座,102.73548000000001,25.08234,,,,,,,,,,,3,31689
天才宝贝,102.734824,25.081670000000003,,,,,,,,,,,3,35794
大叔小厨农家私房菜,102.73661,25.08118,,,,,,,,,,,3,6066
大叔小厨农家私房菜,102.73661,25.08098,,,,,,,,,,,3,9376
边食典个旧团山王氏小黄牛米线,102.73598,25.081789999999998,,,,,,,,,,,3,10113
台湾爽飘牛肉面,102.73604,25.08176,,,,,,,,,,,3,13128
壹号码头重庆老火锅店,102.73611,25.0817,,,,,,,,,,,3,13129
赵记个旧正宗猪蹄米线,102.73594,25.08148,,,,,,,,,,,3,13130
尝乐厨房,102.7365,25.08105,,,,,,,,,,,3,13131
羊鼎天,102.73662,25.0813,,,,,,,,,,,3,13794
靠自己大飞烤鱼,102.73588000000001,25.081529999999997,,,,,,,,,,,3,15822
昆明长水国际机场,102.7378483,25.08084961,,,,,,,,,,,1,2801
嘉明轩,102.73782,25.08009,,,,,,,,,,,3,12710
小包公开封灌汤包,102.73722,25.0804,,,,,,,,,,,3,12711
爱有多深素食餐厅,102.73772,25.08016,,,,,,,,,,,3,16021
金太阳香辣蟹,102.73696,25.08106,,,,,,,,,,,3,16920
小包公涮涮小味,102.73768000000001,25.080560000000002,,,,,,,,,,,3,18247
王喻造形,102.73818,25.08141,,,,,,,,,,,3,19650
虞美人美容美体护肤中心,102.73846999999999,25.081139999999998,,,,,,,,,,,3,20907
首都造型,102.73821,25.08105,,,,,,,,,,,3,20992
品派·时尚演艺赖丝店,102.73748,25.081529999999997,,,,,,,,,,,3,21497
洲碧美容会所,102.73793,25.08004,,,,,,,,,,,3,22564
路尚Bａｒ,102.73789000000001,25.0804,,,,,,,,,,,3,25532
金辰任旗营社区卫生站,102.737445,25.080388,,,,,,,,,,,3,28739
中天英语北辰分校,102.73788,25.080420999999998,,,,,,,,,,,3,34319
北京龙文教育集团昆明第十分校,102.738128,25.080251999999998,,,,,,,,,,,3,34570
大碗牛,102.73604,25.08176,,,,,,,,,,,3,17174
阳光果树,102.736,25.08144,,,,,,,,,,,3,18588
要塞时空,102.73645,25.08109,,,,,,,,,,,3,19698
丝域养发馆NO．206,102.73631,25.08117,,,,,,,,,,,3,22009
O’Rｅｉｌｌｙ’ｓIｒｉｓｈPｕｂ,102.73666999999999,25.08127,,,,,,,,,,,3,22371
曼她尔修美会,102.73725,25.0817,,,,,,,,,,,3,24147
双喜吧,102.73581,25.08156,,,,,,,,,,,3,25204
盘龙仁厚堂中医馆,102.736213,25.08158,,,,,,,,,,,3,27831
昆明艺术学院北市区培训部,102.736026,25.081405,,,,,,,,,,,3,35641
一品居,102.73589,25.08183,,,,,,,,,,,3,12819
品客西餐厅,102.7358,25.081879999999998,,,,,,,,,,,3,14808
傣味小调餐厅,102.73571,25.08161,,,,,,,,,,,3,14975
表叔茶餐厅,102.73555999999999,25.08173,,,,,,,,,,,3,15821
罗记一品鲜云南过桥米线北辰店,102.73565,25.08164,,,,,,,,,,,3,16031
秀域,102.73564,25.081999999999997,,,,,,,,,,,3,19724
北辰休闲娱乐室,102.73626999999999,25.08241,,,,,,,,,,,3,23684
盘龙区医康推拿,102.73637,25.08234,,,,,,,,,,,3,24974
北辰双语幼儿园,102.736597,25.082479,,,,,,,,,,,3,36177
北辰健身中心会所,102.73733,25.082729999999998,,,,,,,,,,,3,23685
圣兰五行经络养身馆,102.73679,25.08258,,,,,,,,,,,3,24346
诗美诗格6＋1化妆品·美容馆,102.73683,25.08265,,,,,,,,,,,3,24347
中国民生银行ATM,102.73631,25.0829,,,,,,,,,,,3,36417
