name,longitude,latitude,phone,address,district,city,area,zipcodetype,datatype,date,creator,source,index
优客龙世界优品生活,102.73098,25.10021,,,,,,,,,,,3,13383
巍山老王过江饵丝都市菜园,102.72999,25.1005,,,,,,,,,,,3,12854
岑钰食堂和谐店,102.73074,25.10054,,,,,,,,,,,3,16915
寻紫记紫米主题馆,102.7297,25.10056,,,,,,,,,,,3,17673
外婆味道和谐世纪店,102.73094,25.10051,,,,,,,,,,,3,18284
公交北市区车场,102.72857309999999,25.10005381,,,,,,,,,,,1,3949
东北饺子店,102.72883,25.10042,,,,,,,,,,,3,5649
永春泉,102.72789559999998,25.09880415,,,,,,,,,,,1,1289
玉海卤面,102.72863000000001,25.0992,,,,,,,,,,,3,7752
玉海卤面,102.72863000000001,25.099,,,,,,,,,,,3,11062
五华区陈萍诊所,102.728525,25.098717,,,,,,,,,,,3,27914
东北饺子店,102.72883,25.10022,,,,,,,,,,,3,8959
荷塘月色美食会所,102.729658,25.099273,,,,,,,,,,,1,3757
大维饮品,102.72912,25.0999,,,,,,,,,,,3,12955
果麦全圄NO．959,102.72886,25.09976,,,,,,,,,,,3,14549
昆明公交第六公司员工食堂,102.72886,25.09978,,,,,,,,,,,3,14797
恩熙家韩国紫菜包饭,102.72910999999999,25.09977,,,,,,,,,,,3,16153
薏风茶饮,102.72886,25.09968,,,,,,,,,,,3,18113
上海老城堭庙馄饨全国连锁昆明总店,102.72888,25.099970000000003,,,,,,,,,,,3,17142
雅妆美业耀龙店,102.7291,25.1003,,,,,,,,,,,3,19872
昆明公交集团职工健身中心,102.72878,25.10041,,,,,,,,,,,3,25208
昆明市第三幼儿园耀龙幼儿园,102.72906,25.100723000000002,,,,,,,,,,,3,35754
昆明新星艺术培训学校,102.72878,25.100407,,,,,,,,,,,3,36131
歌友会KTV量贩,102.72979000000001,25.100820000000002,,,,,,,,,,,3,20818
美美造型美容美发会所,102.7308,25.100260000000002,,,,,,,,,,,3,24054
仁华阿玛尼美容美发连锁机构,102.7293,25.101,,,,,,,,,,,3,24084
和谐时代商务娱乐会所,102.73094,25.10051,,,,,,,,,,,3,25494
上海浦东发展银行ATM,102.73094,25.10051,,,,,,,,,,,3,36791
老东粥皇和谐店,102.73156999999999,25.10175,,,,,,,,,,,3,6102
拿渡麻辣香锅,102.73245,25.10269,,,,,,,,,,,3,5208
粥鼎记昆明店,102.73239000000001,25.10267,,,,,,,,,,,3,5209
土风豆米昆明和谐店,102.73212,25.10248,,,,,,,,,,,3,5501
金土猪昆夫小锅,102.73207,25.102439999999998,,,,,,,,,,,3,5566
成都帽牌货冒菜,102.73223,25.10257,,,,,,,,,,,3,6031
台北牛排自助吧,102.73223,25.10257,,,,,,,,,,,3,6101
大名厨龙门鱼府养生馆和谐店,102.73223,25.10257,,,,,,,,,,,3,7035
千椒百味火锅新天地昆明店,102.7332,25.10302,,,,,,,,,,,3,7220
老城一锅羊蝎子昆明旗舰店,102.73281999999999,25.10289,,,,,,,,,,,3,7320
陶然居,102.7325,25.102729999999998,,,,,,,,,,,3,7321
原野牧歌食府,102.73223,25.10257,,,,,,,,,,,3,7452
拿渡麻辣香锅,102.73245,25.10249,,,,,,,,,,,3,8518
粥鼎记昆明店,102.73239000000001,25.10247,,,,,,,,,,,3,8519
土风豆米昆明和谐店,102.73212,25.10228,,,,,,,,,,,3,8811
金土猪昆夫小锅,102.73207,25.10224,,,,,,,,,,,3,8876
成都帽牌货冒菜,102.73223,25.10237,,,,,,,,,,,3,9341
台北牛排自助吧,102.73223,25.10237,,,,,,,,,,,3,9411
大名厨龙门鱼府养生馆和谐店,102.73223,25.10237,,,,,,,,,,,3,10345
千椒百味火锅新天地昆明店,102.7332,25.10282,,,,,,,,,,,3,10530
老城一锅羊蝎子昆明旗舰店,102.73281999999999,25.10269,,,,,,,,,,,3,10630
陶然居,102.7325,25.102529999999998,,,,,,,,,,,3,10631
原野牧歌食府,102.73223,25.10237,,,,,,,,,,,3,10762
大厂肠旺,102.7325,25.102529999999998,,,,,,,,,,,3,11475
傣味香,102.73223,25.10237,,,,,,,,,,,3,11831
肯德基和谐世纪餐厅,102.73272,25.102629999999998,,,,,,,,,,,3,11955
赛纳左岸西餐咖啡昆明店,102.7332,25.10282,,,,,,,,,,,3,12015
刘记渝之味江湖菜和谐店,102.73286999999999,25.10276,,,,,,,,,,,3,13050
吉拉瑞西西拽米线,102.73255,25.10257,,,,,,,,,,,3,13051
禾太郎寿司,102.73262,25.10259,,,,,,,,,,,3,13087
帕帕罗蒂,102.7325,25.102529999999998,,,,,,,,,,,3,13384
绿茶中餐厅和谐店,102.73223,25.10237,,,,,,,,,,,3,13725
韩丁阁韩式主题餐厅,102.73229,25.10241,,,,,,,,,,,3,13998
飞扬铁板烧和谐世纪分店,102.73223,25.10237,,,,,,,,,,,3,14205
香巴拉牦牛食府,102.73223,25.10237,,,,,,,,,,,3,14794
四川古越牌坊火锅食府,102.73223,25.10237,,,,,,,,,,,3,14795
天膳美食广场,102.73223,25.10237,,,,,,,,,,,3,14796
锦润阁食府,102.73223,25.10237,,,,,,,,,,,3,15107
毋米粥养生海鲜酒楼,102.73223,25.10237,,,,,,,,,,,3,15230
富和快餐,102.7325,25.102529999999998,,,,,,,,,,,3,15280
食健佳,102.7325,25.102529999999998,,,,,,,,,,,3,15677
金太阳香辣蟹,102.73223,25.10237,,,,,,,,,,,3,16321
秦味源陕西会馆,102.73223,25.10237,,,,,,,,,,,3,16322
渝记老麻抄手,102.73200000000001,25.10216,,,,,,,,,,,3,16561
龙记清汤鹅北市区和谐店,102.73223,25.10237,,,,,,,,,,,3,16870
梵谷泰式火锅休闲吧,102.73235,25.10245,,,,,,,,,,,3,16888
川渝汇,102.73196,25.1021,,,,,,,,,,,3,17108
水韵林斑鱼庄,102.7325,25.102529999999998,,,,,,,,,,,3,17859
杨林闻式兄弟酸菜鱼和谐店,102.73200000000001,25.10216,,,,,,,,,,,3,18115
重庆大队长主题火锅昆明店,102.73223,25.10237,,,,,,,,,,,3,18452
锅门串串香火锅,102.73217,25.102320000000002,,,,,,,,,,,3,18814
一品膳粮,102.7325,25.102529999999998,,,,,,,,,,,3,18848
和谐广场,102.73295999999999,25.1023,,,,,,,,,,,3,20942
中国建设银行昆明和谐世纪支行,102.73323,25.1029,,,,,,,,,,,3,36285
老东粥皇和谐店,102.73156999999999,25.10155,,,,,,,,,,,3,9412
乐乐多,102.73175,25.10199,,,,,,,,,,,3,11733
永昌清真火瓢牛肉,102.73165,25.10175,,,,,,,,,,,3,14849
乐多多时尚火锅,102.73164,25.10205,,,,,,,,,,,3,17877
ZI＇HAO,102.73153,25.101470000000003,,,,,,,,,,,3,19602
大运足国际水疗会所,102.73128,25.10105,,,,,,,,,,,3,22844
可诺丹婷美颜美体,102.73121,25.101020000000002,,,,,,,,,,,3,25103
中国民生银行和谐世纪金融便民店,102.73113000000001,25.10069,,,,,,,,,,,3,36567
